302 11 -80
510 13 -1
585 32 -18
525 17 -49
562 9 -28
346 33 -36
527 27 -51
129 26 -4
21 28 -72
376 12 -3
117 8 20
606 0 10
46 12 -80
176 27 -26
157 23 -26
68 25 -3
479 8 56
253 3 306
290 15 -2
271 19 -28
514 6 559
58 19 -19
169 12 -1
457 31 -77
321 18 -52
9 0 10
538 0 -46
194 28 274
305 7 54
452 6 155
277 38 -56
219 12 -80
24 14 86
444 1 361
464 7 516
101 32 -34
514 19 -76
411 35 -36
395 18 -48
469 7 516
52 17 -76
593 32 413
470 8 518
592 6 -2
385 24 -81
556 20 -2
467 1 512
334 37 111
299 5 -84
373 22 -2
410 0 -35
102 1 -35
302 18 -80
50 27 126
585 41 -18
324 27 -30
142 6 225
129 19 -4
438 7 54
406 37 -32
314 17 -75
225 7 226
8 38 42
154 13 -76
394 12 -19
46 23 -80
29 37 111
157 16 -26
512 1 49
377 8 -4
290 6 -2
293 11 -3
22 12 -19
80 3 172
133 7 54
562 17 -28
229 19 -73
429 6 53
105 29 96
379 17 -28
269 18 -4
287 42 366
454 22 -4
148 15 -80
538 38 -46
519 8 -73
98 36 -32
554 39 43
476 30 97
101 41 -34
481 33 -60
528 16 -52
358 7 -80
106 36 -78
469 0 509
52 24 -76
605 30 340
456 11 -28
385 17 -81
556 19 -2
223 17 -38
99 31 -58
396 18 -53
411 1 -36
469 8 518
564 31 -11
285 35 39
506 7 -82
250 27 -28
235 18 -49
53 7 54
127 0 148
538 1 -46
129 20 -4
278 2 333
154 20 -76
300 27 245
482 32 -61
176 9 -26
293 2 -3
68 15 -3
361 3 51
182 19 -21
475 7 -22
130 13 -27
315 11 -72
133 0 46
500 5 555
562 8 -28
376 11 -3
478 6 53
105 6 17
446 28 503
269 11 -4
509 27 -80
454 9 -4
19 17 -26
148 22 -80
59 14 -48
24 28 -53
170 7 -81
355 1 437
10 19 -80
247 23 -3
284 3 15
602 2 606
13 6 53
87 3 172
380 15 -77
439 2 499
185 15 -50
556 10 -2
481 30 -60
559 15 -3
373 24 -2
581 30 -45
139 7 226
506 14 -82
549 37 352
53 0 46
509 19 -80
164 5 -24
457 21 -77
203 34 -60
149 27 -1
460 6 515
408 36 -33
395 13 -48
536 28 -11
250 11 -28
303 7 -1
604 6 -17
16 20 -76
90 7 175
290 24 -2
608 6 -65
510 18 -1
204 3 -61
506 15 -82
407 37 -45
318 15 -49
376 18 -3
47 2 -1
158 3 153
69 17 -4
269 4 -4
340 8 20
219 19 -80
256 7 309
183 9 80
241 2 -30
294 20 -4
205 28 281
170 14 -81
244 9 -2
281 1 -62
10 26 -80
319 20 -50
199 32 -79
306 11 -38
380 6 376
383 11 -80
185 16 -50
96 0 -23
296 13 -28
223 7 -38
559 6 -3
519 19 -73
136 1 222
263 6 308
321 27 -52
506 9 -82
161 15 -48
405 30 97
199 30 -79
238 15 -52
275 3 329
583 27 65
78 3 -70
250 18 -28
303 12 -1
16 11 -76
290 19 -2
173 8 -76
22 17 -19
407 34 -45
229 14 -73
47 11 -1
340 7 18
69 26 -4
237 16 -51
525 15 -49
421 1 -64
56 1 49
244 25 -2
294 15 -4
530 14 465
170 9 -81
244 16 -2
427 39 113
392 3 387
364 27 444
287 0 358
553 3 51
220 9 -1
223 12 -38
334 1 13
136 8 228
445 2 -85
521 15 -75
484 35 -63
440 6 155
179 12 -74
603 34 -16
72 16 -77
272 13 -77
457 7 454
297 27 -77
522 11 -72
374 27 126
103 6 -36
524 16 -20
179 27 -74
143 1 222
528 14 -52
19 15 -26
2 45 99999
130 22 -27
115 3 51
575 2 590
475 31 -22
9 37 41
448 8 -2
47 16 -1
412 38 -37
507 27 245
587 7 -65
254 1 305
365 2 -12
294 6 -4
405 1 13
81 0 168
10 12 -80
506 16 -82
377 7 -4
159 22 75
380 20 -77
588 30 340
455 17 -27
242 19 145
149 12 -1
442 6 -4
260 1 305
249 24 -27
442 4 -4
102 36 -35
285 7 18
506 27 -82
260 3 306
72 23 -77
272 4 267
606 3 15
457 8 -77
292 7 156
482 0 -61
454 25 -4
303 18 -1
382 4 -88
125 14 -82
298 18 -82
19 20 -26
312 10 -73
130 17 -27
534 27 -10
115 8 56
393 19 -72
390 8 392
448 15 -2
47 25 -1
251 15 -77
69 12 -4
362 6 -38
254 8 311
183 20 -20
587 8 -65
131 18 -28
316 14 -21
526 15 -50
230 17 -74
106 3 -78
509 20 -80
380 19 -77
411 34 -36
146 0 219
455 14 -27
257 3 306
149 21 -1
499 7 -82
260 8 311
99 32 -58
245 1 151
542 41 -62
11 28 -1
232 10 -72
285 0 10
161 18 -48
465 7 516
381 12 -2
571 36 110
310 8 -26
388 12 -76
371 10 -82
408 0 -33
100 1 -33
473 8 392
411 29 -36
388 25 -76
303 27 -1
125 7 -82
236 14 -50
510 14 -1
312 17 -73
265 6 308
204 39 -61
152 5 244
279 2 334
176 18 -26
390 3 387
448 6 -2
519 13 -73
177 3 172
251 4 246
564 27 -11
180 8 -75
91 8 177
131 27 -28
241 18 144
281 29 -62
319 8 256
230 8 -74
70 28 -27
168 20 -80
466 6 515
60 2 -53
353 8 20
99 41 -58
540 27 126
411 6 -36
549 35 350
11 21 -1
85 6 174
529 13 464
542 38 -62
582 30 -64
302 19 -80
224 17 -76
97 3 15
297 14 -77
371 19 -82
408 7 -33
100 8 -33
406 29 -32
477 35 109
604 35 -17
397 27 -29
608 38 -65
6 2 8
566 38 418
276 6 17
412 1 -37
298 23 -82
236 17 -50
375 7 156
30 45 -32
394 31 -19
17 8 20
91 1 171
551 0 358
20 3 15
560 27 -4
312 12 -73
227 20 -26
286 1 13
412 32 -37
156 8 158
159 13 -72
70 23 -27
363 27 -86
527 19 -51
57 2 -72
168 27 -80
376 4 -3
295 8 -27
353 1 13
171 6 53
428 34 38
11 10 -1
304 16 -81
533 0 383
72 12 -77
511 15 -81
418 8 20
554 6 17
221 10 -81
186 28 -51
150 14 -81
581 6 -45
335 6 17
582 32 -64
48 21 -81
504 2 -42
530 31 -55
125 25 -82
162 5 -53
563 12 -77
76 8 -68
463 8 518
560 16 -4
506 22 -82
248 7 -4
448 20 -2
479 6 53
340 34 108
251 18 -77
215 8 -82
17 1 13
91 6 174
128 12 -3
274 39 -47
511 27 -81
603 7 -16
131 9 -28
424 29 -18
116 6 53
316 27 -21
104 38 -37
338 8 56
156 7 156
449 11 -82
482 7 -61
178 20 -73
159 10 -72
70 14 -27
270 11 -27
255 6 308
57 11 -72
517 10 -26
499 6 -82
477 8 20
60 16 142
464 3 513
393 9 -72
85 8 177
170 28 -81
418 3 15
554 1 13
97 29 96
582 1 -64
26 19 91
482 36 -61
457 9 -77
48 12 -81
103 35 -36
547 34 -17
51 9 -38
125 18 -82
571 6 17
492 2 548
384 14 -1
76 7 -68
605 35 350
187 12 84
387 11 -38
298 25 -82
582 7 -64
248 14 -4
340 41 114
323 19 -55
141 8 228
537 34 -56
326 12 -82
237 20 -51
55 13 -26
313 9 -74
131 14 -28
351 28 432
316 18 -21
227 2 -26
524 20 -20
338 3 51
391 15 -26
449 12 -82
271 11 -28
178 15 -73
250 19 -28
270 18 -27
57 12 -72
203 29 -60
168 9 -80
477 1 13
132 23 -77
406 7 -32
317 13 -20
603 6 -16
304 14 -81
378 13 -27
268 28 -3
307 11 -76
381 16 -2
387 20 -38
310 20 -26
258 6 308
332 1 386
150 24 -81
100 37 -33
411 0 -36
566 6 17
12 25 -81
233 9 134
51 14 -38
322 20 -54
471 3 513
347 33 -37
572 33 588
555 27 -2
240 20 -55
333 30 405
582 41 -64
277 35 -56
248 21 -4
141 1 222
318 18 -49
326 7 -82
128 26 -3
55 10 -26
511 9 -81
313 18 -74
224 14 -76
153 6 -38
227 11 -26
524 19 -20
410 34 -35
506 25 -82
449 5 -82
31 45 -5
252 1 151
181 11 -72
57 21 74
95 0 -57
585 0 -18
406 30 -32
561 18 -27
135 3 223
502 2 -13
304 5 -81
231 15 -75
268 27 -3
320 19 -51
307 16 -76
71 27 -28
258 1 305
495 33 -62
150 19 -81
422 27 65
172 4 -38
246 7 156
608 33 -65
12 16 -81
565 38 418
51 23 -38
560 4 -4
73 6 17
538 34 -46
520 14 -74
98 6 -32
298 11 -82
411 38 -36
455 26 -27
138 7 226
606 39 419
234 19 -20
215 23 -82
592 11 -2
0 44 3
128 17 -3
592 27 -2
313 27 -74
485 40 543
521 17 -75
328 28 -44
153 15 -38
462 3 513
264 6 308
556 31 -2
567 3 15
527 15 -51
554 8 20
549 30 340
270 28 -27
181 20 -72
561 11 -27
608 37 -65
428 6 17
104 31 -37
157 11 -26
268 18 -3
581 37 -45
144 0 219
71 16 -28
580 27 245
589 8 56
231 11 -75
440 1 151
587 36 -65
97 32 107
443 28 501
508 27 -40
105 32 107
405 7 18
574 27 65
604 30 -17
479 0 46
384 19 -1
606 41 420
187 19 -52
98 1 -32
493 2 549
209 2 284
173 28 -76
456 16 -28
55 24 -26
538 29 -46
166 5 -83
475 32 -22
153 16 -38
424 0 -18
196 28 -7
102 29 -35
527 20 -51
341 33 -32
487 6 53
549 7 18
588 38 353
92 3 172
129 15 -4
169 27 -1
21 9 -72
314 5 -75
132 12 -77
561 12 -27
574 28 589
104 6 -37
68 20 -3
268 9 -3
144 7 226
71 9 -28
271 12 -28
110 28 203
58 14 -19
509 4 -80
61 19 -29
451 2 506
579 13 -82
601 6 -46
105 41 114
379 13 -28
15 11 -38
308 7 309
533 31 564
184 13 -49
388 11 -76
604 36 -17
455 27 -27
585 30 -18
151 6 53
281 35 -62
27 28 -39
447 1 49
505 10 -2
323 15 260
548 39 354
52 12 -76
452 3 153
456 23 -28
55 17 -26
505 15 -2
385 13 -81
224 19 -76
153 25 -38
286 8 20
249 13 -27
546 6 -16
542 31 -62
89 1 171
549 0 10
435 45 -63
509 14 -80
334 6 17
21 18 -72
314 12 -75
132 11 -77
521 9 -75
406 35 -32
317 17 -20
46 10 -80
530 27 -55
68 19 -3
467 0 509
453 12 -3
515 1 512
182 15 -21
147 27 -84
58 9 134
169 10 -1
523 8 -21
321 19 -52
9 30 29
83 3 172
409 37 -34
515 3 513
416 28 481
15 16 -38
394 18 -19
608 3 -65
184 20 -49
555 7 -2
222 1 49
506 17 -82
281 36 -62
262 6 308
101 38 -34
247 11 -3
49 0 46
505 19 -2
160 13 -19
234 12 -20
52 11 -76
340 30 97
383 22 -80
256 0 302
385 6 -81
296 18 -28
334 35 109
393 14 -72
373 12 -2
410 6 -35
249 22 -27
302 8 -80
585 39 -18
200 3 51
509 7 -80
474 27 -10
129 25 -4
21 27 -72
457 12 -77
554 35 39
8 32 37
46 13 -80
176 28 -26
157 22 -26
68 26 -3
529 31 -54
290 12 -2
271 18 -28
475 8 -22
58 16 -19
22 10 81
478 7 54
532 31 -25
525 8 462
9 7 18
83 8 177
427 41 114
305 6 53
379 27 -28
15 25 -38
219 15 -80
184 27 -49
476 41 114
222 8 56
24 15 87
170 18 -81
593 41 420
173 7 269
505 20 -2
469 6 515
52 18 -76
74 3 -66
383 31 -80
592 7 -2
385 31 -81
556 21 -2
160 17 -19
227 17 -26
373 21 -2
410 1 -35
102 6 -35
139 8 228
285 41 44
250 26 -28
142 7 226
129 18 -4
547 0 -17
225 6 225
522 20 -72
8 39 43
154 10 -76
46 20 -80
29 36 110
103 29 -36
450 27 245
240 2 -55
290 7 -2
271 27 -28
388 4 452
58 27 -19
22 13 -19
133 6 53
9 8 20
562 14 -28
229 18 -73
565 3 15
379 16 -28
269 17 -4
145 3 223
219 4 -80
148 8 -80
59 8 137
259 7 309
98 37 -32
244 4 -2
601 37 -46
192 34 -22
247 25 -3
212 45 -62
358 4 -80
106 37 -78
566 34 414
52 25 -76
456 12 -28
383 4 -80
385 16 -81
556 12 -2
223 16 -38
410 3 -35
99 30 -58
410 8 -35
321 8 256
139 1 222
285 34 38
506 4 -82
421 30 -64
53 6 53
127 3 153
554 41 44
238 2 -52
460 8 518
522 31 -72
154 21 -76
65 3 15
176 10 -26
538 3 -46
68 8 -3
378 9 -27
182 16 -21
475 6 -22
130 10 -27
457 10 -77
315 10 -72
603 33 -16
477 37 111
318 5 -49
229 27 -73
47 4 -1
69 23 -4
269 10 -4
584 27 444
566 32 413
454 14 -4
256 1 305
148 23 -80
294 18 -4
170 4 -81
566 37 417
10 16 -80
247 22 -3
528 8 462
160 18 -19
306 17 -38
380 8 -77
248 17 -4
383 13 -80
185 14 -50
331 27 -8
556 11 -2
99 7 -58
559 14 -3
561 15 -27
263 8 311
581 29 -45
139 6 225
181 17 -72
549 36 351
272 16 -77
127 8 158
582 3 -64
457 20 -77
203 37 -60
386 8 56
460 7 516
208 40 283
408 37 -33
250 8 -28
303 6 -1
16 21 -76
563 7 560
290 25 -2
436 40 496
510 19 -1
294 7 -4
537 8 -56
455 19 -27
133 8 56
407 36 -45
318 12 257
376 19 -3
47 13 -1
158 0 148
69 16 -4
237 17 -51
563 10 -77
517 14 -26
219 18 -80
244 24 -2
183 8 -20
274 29 -47
538 41 -46
205 27 65
170 15 -81
244 10 -2
281 0 -62
10 27 -80
84 6 174
528 15 -52
306 8 -38
380 7 377
287 1 361
0 29 1
383 10 -80
296 14 -28
223 6 -38
424 7 -18
263 1 305
484 37 -63
537 38 -56
409 3 -34
179 13 -74
161 14 -48
544 27 570
53 8 56
238 12 138
368 27 -59
593 3 15
386 3 51
78 0 -70
484 0 -63
599 45 -16
103 8 -36
303 15 -1
16 12 -76
290 16 -2
201 0 46
19 9 -26
464 6 515
226 8 228
9 35 39
229 13 -73
47 10 -1
340 0 10
565 30 405
69 25 -4
34 45 -35
587 1 -65
516 3 513
579 18 -82
294 12 -4
23 13 -48
244 17 -2
427 38 112
106 30 -78
12 11 -81
220 10 -1
38 1 116
468 8 518
242 27 -25
223 15 -38
249 25 -27
495 45 -62
63 27 -39
102 34 -35
546 35 -16
546 1 -16
124 27 126
396 16 467
72 17 -77
272 14 -77
514 13 -76
457 6 453
292 6 155
522 8 -72
189 28 -55
482 6 -61
29 8 20
103 1 -36
303 20 -1
143 0 219
298 21 -82
19 14 -26
130 23 -27
477 30 97
565 36 416
315 17 -72
226 3 223
321 20 -52
9 36 40
448 9 -2
47 19 -1
412 39 -37
251 9 -77
587 6 -65
254 6 308
395 12 463
529 18 -54
59 20 -48
424 34 -18
405 0 10
81 7 175
427 31 490
10 13 -80
319 5 -50
377 6 -4
159 17 -72
312 18 -73
146 6 225
455 16 -27
149 11 -1
60 13 139
481 32 -60
245 7 156
542 39 -62
102 37 -35
262 8 311
285 6 17
506 24 -82
396 15 466
72 24 -77
492 27 126
323 17 -55
378 8 -27
457 15 -77
371 4 -82
482 1 -61
326 16 -82
29 1 13
322 13 258
333 39 419
125 13 -82
236 16 -50
546 37 -16
19 23 -26
312 11 -73
265 7 309
204 41 -61
565 37 417
523 16 -21
176 17 -26
47 24 -1
584 2 595
251 14 -77
69 11 -4
362 7 -38
377 27 -4
131 21 -28
274 0 -47
316 15 -21
377 15 -4
430 3 51
106 0 -78
566 1 13
70 26 -27
146 1 222
455 9 -27
274 7 -47
149 20 -1
99 35 -58
245 0 148
411 7 -36
393 21 74
232 11 -72
161 17 -48
381 11 -2
554 7 18
571 39 113
310 9 -26
224 16 -76
332 30 402
297 4 292
371 13 -82
408 1 -33
48 24 -81
581 39 -45
140 3 223
323 16 261
125 6 -82
236 15 -50
608 32 -65
19 28 -26
165 5 -39
239 2 -54
204 32 -61
554 38 42
387 23 -38
523 9 459
409 38 -34
390 0 383
427 34 108
478 8 56
340 29 96
251 7 248
333 38 418
180 9 -75
473 1 386
510 4 -1
511 20 -81
131 26 -28
484 31 -63
286 0 10
298 16 -82
230 9 -74
229 20 -73
295 18 -27
206 38 -63
171 0 46
559 20 -3
428 36 40
11 20 -1
467 3 513
72 6 68
381 4 -2
549 3 15
410 29 -35
186 18 -51
105 35 109
297 13 -77
371 18 -82
408 8 -33
137 1 222
588 34 349
478 3 51
595 28 603
197 39 113
608 39 -65
520 10 -74
276 7 18
594 6 53
79 7 -71
523 14 -21
375 6 155
340 36 110
454 17 -4
513 20 -38
21 21 74
91 0 168
550 7 18
23 17 -48
560 9 -4
104 37 -37
391 24 -26
241 17 143
159 12 -72
70 20 -27
513 13 -38
459 1 512
168 28 -80
295 11 -27
206 41 -63
519 9 -73
428 35 39
104 36 -37
304 17 -81
577 2 591
72 13 -77
310 27 -26
221 9 -81
150 15 -81
371 27 -82
335 1 13
48 22 -81
601 32 -46
103 37 -36
476 3 15
125 24 -82
215 27 -82
384 8 -1
239 16 142
502 27 -13
394 27 -19
424 41 -18
101 31 -34
526 16 -50
340 35 109
251 21 -77
215 11 -82
17 0 10
326 10 -82
128 13 -3
274 36 -47
131 8 -28
395 8 462
116 7 54
316 20 -21
156 0 148
449 10 -82
70 15 -27
270 8 -27
510 9 -1
255 1 305
57 10 -72
517 9 -26
95 29 -57
60 17 -53
510 31 -1
542 3 -62
579 20 -82
393 8 -72
293 27 -3
526 19 -50
179 18 -74
489 28 547
307 5 -76
418 0 10
310 18 -26
221 2 -81
456 8 -28
150 6 -81
261 1 305
482 37 -61
601 39 -46
48 13 -81
601 41 -46
103 34 -36
201 1 49
51 8 -38
125 17 -82
322 19 -54
384 15 -1
76 0 -68
187 15 -52
152 27 245
298 6 -82
530 16 467
248 15 -4
526 27 -50
88 3 172
141 7 226
345 33 -35
326 13 -82
128 4 -3
55 12 -26
313 8 -74
224 8 -76
42 3 15
316 19 -21
281 30 -62
338 0 46
391 14 -26
178 12 -73
452 8 158
270 19 -27
57 19 -72
95 38 -57
477 0 10
132 16 -77
8 30 29
317 12 -20
548 0 10
304 15 -81
231 17 -75
307 10 -76
453 23 -3
514 4 558
221 27 -81
258 7 309
150 25 -81
603 41 -16
26 27 -24
100 38 -33
530 13 464
48 4 -81
377 10 -4
12 26 -81
233 8 -21
51 17 -38
162 20 -53
235 19 -49
384 6 -1
415 1 480
520 8 -74
101 1 -34
199 41 -79
323 27 -55
141 0 219
215 25 -82
605 38 353
248 9 -4
128 27 -3
585 33 -18
434 27 65
313 17 -74
224 15 -76
153 5 -38
227 10 -26
264 0 302
410 35 -35
526 17 -50
449 4 -82
579 6 -82
289 8 56
181 10 -72
57 20 -72
104 35 -37
95 3 -57
539 2 565
281 39 -62
406 31 -32
317 5 -20
428 8 20
304 6 -81
231 14 -75
268 20 -3
307 19 -76
71 26 -28
378 19 -27
221 20 -81
421 39 -64
150 16 -81
605 8 20
579 8 -82
389 6 389
12 17 -81
86 8 177
51 22 -38
604 0 -17
15 4 -38
479 1 49
265 8 311
520 15 -74
395 27 -48
98 7 -32
298 8 -82
608 34 -65
547 32 -17
234 16 -20
215 22 -82
163 20 -29
128 18 -3
55 2 -26
224 6 293
521 16 -75
475 33 -22
153 14 -38
299 27 -84
264 7 309
67 7 156
360 27 -81
405 35 109
487 8 56
289 1 49
363 6 441
181 19 -72
605 3 15
21 15 -72
95 8 -57
132 6 128
561 10 -27
428 7 18
104 0 -37
157 10 -26
268 19 -3
144 1 222
71 19 -28
589 7 54
475 36 -22
459 6 515
421 32 -64
97 39 113
391 16 -26
579 10 -82
393 22 75
12 8 -81
86 3 172
604 37 -17
604 31 -17
15 13 -38
384 20 -1
455 24 -27
187 18 -52
98 30 -32
151 8 56
173 27 -76
284 34 349
259 3 306
234 27 -20
52 6 128
198 45 -56
456 17 -28
55 27 -26
592 19 -2
385 11 -81
481 3 -60
153 23 -38
249 11 -27
360 2 -81
487 1 49
549 6 17
181 28 -72
129 14 -4
203 3 -60
21 8 -72
132 13 -77
406 41 -32
104 7 -37
68 21 -3
268 10 -3
519 14 -73
168 4 -80
71 8 -28
271 15 -28
589 0 46
58 15 -19
421 41 -64
546 30 -16
61 18 144
581 0 -45
118 45 -60
424 30 -18
12 7 -81
546 34 -16
379 12 -28
538 31 -46
15 10 -38
308 0 302
533 30 402
184 14 -49
448 7 -2
333 8 20
151 1 49
62 19 145
173 20 -76
247 13 -3
447 0 46
505 9 -2
323 14 259
234 2 -20
52 13 -76
456 24 -28
55 16 -26
552 28 576
385 12 -81
77 3 -69
423 27 444
153 24 -38
210 27 126
249 12 -27
302 6 -80
413 1 478
89 0 168
513 19 -38
509 13 -80
129 7 -4
438 6 53
21 17 -72
314 13 -75
554 34 38
406 32 -32
317 16 -20
228 0 219
46 11 -80
68 28 -3
483 27 65
253 8 311
453 11 -3
271 20 -28
182 12 -21
293 7 -3
169 9 -1
407 3 -45
318 17 -49
587 3 -65
379 5 -28
15 19 -38
219 9 -80
330 28 -9
555 6 -2
222 6 53
519 20 -73
333 1 13
515 7 516
27 20 92
101 37 -34
247 10 -3
49 7 54
505 18 -2
160 14 -19
234 13 -20
52 20 -76
456 31 -28
383 17 -80
573 33 -64
296 19 -28
160 16 -19
547 37 -17
334 32 107
373 11 -2
410 7 -35
249 21 -27
302 9 -80
271 17 -28
585 38 -18
582 33 -64
549 8 20
509 6 -80
129 24 -4
547 1 -17
21 26 79
314 20 -75
206 30 -63
46 18 -80
157 21 -26
68 27 -3
519 18 -73
253 1 305
290 13 -2
388 27 -76
58 17 -19
527 18 -51
22 11 82
538 7 -46
9 6 17
277 32 -56
457 13 -77
503 45 -17
15 24 -38
219 14 -80
184 28 -49
24 16 88
170 19 -81
165 20 265
444 3 362
530 20 -55
173 6 268
528 27 -52
358 2 -80
160 5 -19
423 2 488
52 19 -76
318 20 -49
74 0 -66
481 31 -60
565 34 414
556 22 -2
521 12 -75
559 12 -3
373 20 -2
102 7 -35
302 16 -80
324 5 -30
509 31 -80
129 17 -4
336 0 358
154 11 -76
463 7 516
46 21 -80
29 35 109
512 3 51
16 24 -76
454 21 -4
290 4 -2
603 39 -16
475 0 -22
293 9 -3
562 15 -28
229 17 -73
105 3 15
550 3 15
379 19 -28
269 16 -4
587 29 -65
219 7 -80
571 41 114
508 31 -40
148 9 -80
538 36 -46
259 6 308
98 34 -32
581 36 -45
608 0 -65
192 35 -22
10 22 -80
247 24 -3
284 6 17
325 19 264
106 34 -78
566 35 415
52 26 -76
248 16 -4
456 13 -28
383 7 -80
385 23 -81
556 13 -2
223 19 -38
99 1 -58
321 15 -52
139 0 219
524 10 460
551 3 362
235 20 -49
587 32 -65
606 37 417
457 18 -77
393 24 77
169 28 -1
295 10 -27
154 18 -76
176 11 -26
250 14 -28
68 9 -3
361 1 49
342 45 -45
173 10 -76
182 17 -21
130 11 -27
204 6 -61
563 6 559
315 13 -72
376 13 -3
47 7 -1
69 22 -4
269 9 -4
421 3 -64
454 15 -4
148 16 -80
294 19 -4
576 33 -18
244 12 -2
45 45 -6
10 17 -80
247 17 -3
160 19 -19
306 14 -38
380 9 -77
309 3 306
383 12 -80
185 13 -50
296 8 -28
497 27 553
99 6 -58
424 6 -18
63 20 146
494 28 550
232 16 -72
179 10 -74
235 13 -49
272 17 -77
199 35 -79
457 27 -77
203 36 -60
460 0 509
278 27 126
408 38 -33
339 27 65
250 9 -28
16 22 -76
325 20 -25
290 22 -2
510 16 -1
475 30 -22
130 2 -27
22 28 -19
475 29 -22
407 39 -45
318 13 -49
376 20 -3
47 12 -1
440 8 158
158 1 151
454 6 -4
183 11 82
294 10 -4
170 12 -81
244 11 -2
281 7 -62
427 32 107
10 24 -80
84 7 175
195 28 -43
306 9 -38
105 37 111
398 20 -24
220 12 -1
420 1 486
477 36 110
296 15 -28
249 26 -27
136 3 223
445 7 442
263 0 302
484 38 -63
546 41 -16
50 2 125
448 12 -2
161 13 -48
235 2 -49
272 8 -77
520 19 -74
238 13 -52
334 8 20
386 0 46
78 1 -70
522 14 -72
572 45 -45
556 23 -2
411 8 -36
250 16 -28
303 14 -1
445 27 -85
16 13 -76
290 17 -2
201 7 54
19 8 -26
367 45 -18
315 27 -72
262 7 309
9 34 38
343 33 -33
229 12 -73
47 21 -1
340 1 13
554 37 41
69 24 -4
513 15 -38
587 0 -65
56 3 51
529 19 -54
294 13 -4
23 12 84
244 18 -2
281 8 -62
192 8 -22
396 14 465
106 31 -78
531 18 469
398 31 -24
553 1 49
220 11 -1
477 41 114
223 14 -38
25 19 -29
334 7 18
559 31 -3
548 30 340
102 35 -35
324 20 -30
396 17 -53
72 18 -77
272 15 -77
453 10 -3
238 20 -52
180 16 -75
4 1 6
78 8 -70
522 9 -72
189 27 -55
100 29 -33
326 19 -82
29 7 18
103 0 -36
547 3 -17
16 4 67
143 3 223
201 8 56
112 8 20
312 5 -73
130 20 -27
41 28 119
315 16 -72
226 0 219
176 16 -26
448 10 -2
47 18 -1
149 17 -1
251 8 -77
343 45 -33
254 7 309
291 27 126
294 4 -4
424 35 -18
378 16 -27
81 6 174
134 8 228
427 30 97
10 10 -80
377 5 -4
497 2 552
106 6 -78
159 16 -72
531 27 -30
146 7 226
220 2 -1
257 8 311
274 6 -47
149 10 -1
60 14 140
25 20 -29
481 39 -60
245 6 155
542 36 -62
590 28 599
11 25 -1
529 17 -54
359 2 -1
573 45 -64
72 25 -77
272 6 268
606 1 13
457 14 -77
535 31 -14
396 31 -53
297 2 -77
371 7 -82
189 20 -55
482 30 -61
172 15 -38
29 0 10
293 13 -3
547 8 -17
344 33 -34
125 12 -82
143 8 228
54 8 56
19 22 -26
165 27 -39
439 27 126
387 17 -38
523 19 -21
500 27 245
539 27 126
47 27 -1
69 10 -4
362 4 -38
540 2 566
510 7 -1
131 20 -28
412 30 -37
405 8 20
316 8 -21
134 3 223
192 6 -22
319 13 -50
377 14 -4
430 0 46
106 1 -78
159 25 78
70 27 -27
562 19 -28
328 27 -44
527 17 -51
455 8 -27
257 1 305
149 19 -1
295 20 -27
99 34 -58
393 20 -72
232 12 -72
285 30 29
161 16 -48
381 10 -2
199 7 -79
571 38 112
310 14 -26
186 8 83
97 8 20
297 11 -77
371 12 -82
100 3 -33
48 25 -81
411 31 -36
322 5 -54
233 19 -21
353 0 10
472 31 534
236 8 137
54 3 51
112 6 17
312 19 -73
239 13 139
387 22 -38
461 3 513
393 16 -72
190 20 -30
390 1 386
375 8 158
177 1 171
251 6 247
455 23 -27
513 18 -38
180 10 -75
473 0 383
563 19 -77
23 27 -48
560 19 -4
11 13 -1
192 29 -22
216 27 -84
230 14 -74
106 8 -78
70 18 -27
248 23 -4
220 16 -1
567 0 10
295 13 -27
206 39 -63
171 3 51
245 8 158
428 37 41
11 23 -1
304 27 -81
459 3 513
72 7 69
378 11 -27
221 15 -81
186 19 -51
97 1 13
297 12 -77
566 36 416
402 7 390
137 0 219
48 16 -81
582 8 -64
233 20 -21
197 38 112
547 7 -17
106 41 -78
276 0 10
594 7 54
387 31 -38
79 6 -71
154 25 -76
375 1 151
340 37 111
586 27 447
215 13 -82
180 17 -75
91 3 172
131 2 -28
579 27 -82
23 16 -48
560 10 -4
606 38 418
306 27 -38
604 8 -17
178 27 -73
159 15 -72
70 21 -27
514 10 -76
498 2 554
517 15 -26
568 3 362
60 27 -53
353 7 18
82 8 177
11 12 -1
304 18 -81
484 36 -63
179 19 -74
72 14 -77
381 28 -2
418 6 17
388 19 -76
221 8 -81
39 1 117
506 8 -82
150 12 -81
261 7 309
335 0 10
48 23 -81
566 0 10
103 36 -36
524 13 -20
51 2 -38
125 23 -82
397 18 469
410 32 -35
384 9 -1
239 19 -54
520 27 -74
387 4 -38
101 30 -34
480 8 20
377 13 -4
449 27 -82
251 20 -77
197 32 107
215 10 -82
17 7 18
326 11 -82
128 14 -3
274 37 -47
397 19 -29
131 11 -28
424 31 -18
116 0 46
524 31 -20
338 6 53
156 1 151
449 9 -82
178 18 -73
70 12 -27
270 9 -27
255 0 302
57 9 -72
517 8 -26
95 39 -57
477 6 17
60 18 -53
82 3 172
542 0 -62
393 15 -72
304 9 -81
231 27 -75
307 4 375
418 1 13
310 19 -26
171 8 56
603 32 -16
150 7 -81
594 1 49
261 0 302
172 16 -38
48 14 -81
357 28 438
12 28 -81
547 36 -17
51 11 -38
125 16 -82
476 37 111
419 1 485
76 1 -68
187 14 -52
387 13 -38
298 7 -82
174 7 175
561 31 -27
101 7 -34
608 36 -65
412 3 -37
141 6 225
248 8 -4
237 18 -51
55 15 -26
313 15 -74
224 9 -76
42 0 10
388 20 -76
484 30 -63
546 31 -16
338 1 49
391 9 -26
267 7 156
178 13 -73
411 32 -36
270 16 -27
400 31 -9
57 18 -72
203 31 -60
168 11 -80
132 17 -77
317 11 255
121 45 -63
231 16 -75
431 7 18
307 13 -76
71 28 -28
320 5 -51
378 18 -27
525 20 -49
587 34 -65
332 3 387
408 30 -33
100 39 -33
389 7 390
211 28 286
12 27 -81
233 15 -21
51 16 -38
490 45 -56
73 3 15
244 23 -2
384 7 -1
369 2 446
298 14 -82
409 1 -34
101 0 -34
548 34 349
215 24 -82
605 37 352
511 11 -81
313 16 -74
562 10 -28
319 18 -50
153 4 -38
227 13 -26
264 1 305
191 19 91
67 1 151
32 45 -33
405 36 110
252 3 153
544 2 569
270 27 -27
181 9 -72
57 27 -72
298 20 -82
274 1 -47
132 24 -77
206 3 -63
8 6 17
561 16 -27
570 0 46
304 7 -81
231 9 -75
14 28 66
307 18 -76
71 21 -28
221 19 -81
421 38 -64
150 17 -81
391 17 -26
505 7 -2
172 6 -38
295 2 -27
432 33 -60
12 18 -81
468 7 516
51 25 -38
604 1 -17
15 7 -38
582 36 -64
388 31 -76
408 34 -33
187 28 -52
298 9 -82
466 0 509
284 36 351
486 40 544
234 17 -20
215 17 -82
126 3 51
452 1 151
128 19 -3
3 43 5
224 7 294
277 3 -56
153 13 -38
315 5 -72
264 8 311
588 3 15
67 6 155
546 8 -16
289 0 46
435 33 -63
181 18 -72
92 6 174
481 41 -60
21 14 -72
132 7 129
425 27 447
559 18 -3
513 9 -38
428 0 10
104 1 -37
157 9 -26
268 12 -3
307 27 -76
71 18 -28
589 6 53
475 39 -22
293 20 -3
477 7 18
97 38 112
581 1 -45
442 27 -4
283 2 337
409 39 -34
12 9 -81
86 0 168
197 3 15
15 12 -38
184 8 83
384 21 -1
98 31 -32
320 13 -51
284 35 350
477 32 107
556 7 -2
52 7 129
394 13 -19
456 18 -28
55 26 -26
592 20 -2
385 10 -81
153 22 -38
64 2 -83
511 31 -81
249 10 -27
304 8 -81
487 0 46
181 27 -72
129 13 -4
21 23 76
132 14 -77
117 3 15
326 27 -82
104 8 -37
68 22 -3
268 11 -3
71 11 -28
271 14 -28
182 10 81
240 13 139
58 12 -19
169 7 -1
61 17 143
335 8 20
283 27 338
608 35 -65
394 10 460
579 11 -82
379 15 -28
15 21 -38
308 1 305
184 15 -49
333 7 18
151 0 46
173 19 -76
247 12 -3
447 3 51
505 8 -2
160 8 -19
52 14 -76
163 5 -29
456 25 -28
55 19 -26
410 39 -35
395 14 -48
388 8 -76
249 19 -27
302 7 -80
527 31 -51
89 7 175
509 12 -80
327 5 381
129 6 -4
438 8 56
21 16 -72
314 10 -75
316 5 -21
406 33 -32
154 6 247
228 1 222
46 8 -80
157 27 -26
253 7 309
218 27 -40
453 18 -3
182 13 -21
388 26 -76
293 6 -3
169 8 -1
80 8 177
462 1 512
122 40 213
305 3 51
322 17 -54
15 18 -38
217 5 290
219 8 -80
37 1 115
148 4 -80
222 7 54
333 0 10
324 17 262
62 27 -24
409 29 -34
101 36 -34
247 5 -3
49 6 53
505 17 -2
160 15 -19
197 41 114
52 21 -76
388 17 -76
74 6 -66
383 16 -80
385 4 -81
296 20 -28
277 30 -56
481 8 -60
559 13 -3
373 10 -2
249 20 -27
302 14 -80
585 37 -18
89 8 177
506 26 -82
438 3 51
21 25 78
225 3 223
206 31 -63
8 34 38
295 19 -27
46 19 -80
29 41 114
157 20 -26
68 4 -3
253 0 302
290 10 -2
36 45 -37
577 27 447
171 1 49
22 8 -19
422 28 487
266 2 326
194 27 273
387 10 -38
294 27 -4
454 24 -4
15 27 -38
145 8 228
454 18 -4
510 12 -1
537 0 -56
24 17 -53
170 16 -81
62 2 -24
320 18 -51
284 8 20
377 9 -4
566 41 420
585 35 -18
318 16 -49
74 1 -66
383 25 -80
585 31 -18
296 27 -28
277 39 -56
481 1 -60
458 1 386
373 19 -2
581 41 -45
302 17 -80
285 39 43
537 36 -56
547 6 -17
129 16 -4
203 41 -60
593 30 405
323 18 -55
522 18 -72
8 41 44
154 8 -76
65 8 20
46 26 -80
29 34 108
103 31 -36
530 15 466
16 25 -76
173 11 -76
475 3 -22
293 8 -3
204 8 -61
80 6 174
560 6 -4
604 38 -17
389 0 383
229 16 -73
429 3 51
498 27 126
379 18 -28
237 19 -51
145 1 222
219 6 -80
365 27 -12
111 28 204
148 10 -80
393 18 -72
395 17 -48
98 35 -32
244 6 -2
192 36 -22
10 23 -80
247 27 -3
284 7 18
106 35 -78
87 7 175
52 27 -76
74 8 -66
383 6 -80
536 27 -11
385 22 -81
296 2 -28
223 18 -38
188 16 88
99 0 -58
28 28 -83
321 14 -52
139 3 223
285 32 37
179 11 -74
517 31 -26
272 27 -77
199 37 -79
457 17 -77
589 3 51
189 15 87
154 19 -76
65 1 13
176 12 -26
250 15 -28
68 10 -3
361 0 46
16 16 -76
550 8 20
393 31 -72
130 8 -27
204 7 -61
315 12 -72
563 18 -77
407 41 -45
376 14 -3
47 6 -1
69 21 -4
269 8 -4
525 27 -49
454 12 -4
256 3 306
183 13 -20
148 17 -80
294 16 -4
585 1 -18
244 13 -2
601 3 -46
247 16 -3
284 30 340
13 3 51
306 15 -38
105 38 112
459 0 509
383 15 -80
185 12 84
242 20 -25
296 9 -28
223 27 -38
559 8 -3
28 27 -83
232 17 -72
546 3 -16
506 13 -82
568 0 358
235 12 138
272 18 -77
199 34 -79
520 18 -74
457 26 -77
203 39 -60
514 16 -76
386 6 53
460 1 512
585 36 -18
408 39 -33
154 26 -76
250 22 -28
414 1 479
16 23 -76
168 10 -80
290 23 -2
519 17 -73
510 17 -1
279 27 126
477 39 113
484 41 -63
407 38 -45
229 2 -73
47 15 -1
164 20 -24
219 20 -80
516 6 515
183 10 81
148 24 -80
294 11 -4
170 13 -81
244 20 -2
281 6 -62
427 35 109
10 25 -80
84 0 168
306 6 -38
21 24 77
220 13 -1
149 7 -1
441 2 -3
559 17 -3
445 6 441
263 3 306
102 41 -35
546 38 -16
603 1 -16
506 20 -82
161 12 257
272 9 -77
519 12 -73
238 18 -52
477 34 108
593 1 13
386 1 49
78 6 -70
522 15 -72
546 0 -16
326 18 -82
293 19 -3
250 17 -28
303 9 -1
16 14 -76
476 36 110
388 6 453
201 6 53
19 11 -26
130 26 -27
481 0 -60
22 20 -19
226 6 225
44 1 123
511 18 -81
229 11 -73
47 20 -1
571 3 15
69 7 -4
513 14 -38
587 37 -65
501 45 -16
320 27 -51
59 17 -48
565 32 413
23 15 -48
244 19 -2
519 11 -73
109 1 202
553 0 46
220 4 -1
172 10 -38
223 9 -38
25 18 90
542 34 -62
102 32 -35
427 3 15
359 4 -1
161 5 -48
72 19 -77
457 4 452
303 19 -1
408 29 -33
391 25 -26
100 30 -33
172 14 -38
29 6 17
103 3 -36
214 2 288
179 28 -74
325 5 -25
236 27 -50
19 16 -26
130 21 -27
315 19 -72
226 1 222
462 8 518
155 7 156
448 11 -2
412 33 -37
251 11 -77
175 3 172
510 6 -1
476 6 17
352 28 433
244 26 -2
433 33 -61
192 0 -22
10 11 -80
377 4 -4
537 29 -56
106 7 -78
159 19 -72
562 18 -28
455 18 -27
517 19 -26
494 27 65
149 9 -1
60 15 141
25 27 -29
481 38 -60
63 2 -39
11 24 -1
560 17 -4
529 16 467
533 3 387
72 26 -77
272 7 269
606 6 17
571 32 107
75 7 -67
186 14 -51
371 6 -82
189 19 -55
482 31 -61
588 32 348
582 31 -64
140 6 225
125 11 -82
236 18 -50
112 0 10
312 13 -73
387 16 -38
603 36 -16
523 18 -21
190 18 90
448 2 -2
47 26 -1
69 9 -4
180 12 -75
549 32 348
183 17 -20
476 29 96
131 23 -28
316 9 253
134 0 219
192 7 -22
319 12 257
230 20 -74
430 1 49
241 19 -30
159 24 77
70 24 -27
417 28 482
248 22 -4
455 11 -27
257 0 302
168 16 -80
149 18 -1
25 28 -29
99 37 -58
11 17 -1
232 13 -72
170 17 -81
381 9 -2
199 6 -79
310 15 -26
368 2 -59
297 10 -77
371 15 -82
408 3 -33
48 26 -81
411 30 -36
233 18 -21
449 18 -82
125 4 -82
162 14 259
548 6 17
54 0 46
112 7 18
312 20 -73
521 14 -75
204 34 -61
350 1 431
387 25 -38
523 11 461
409 36 -34
326 4 -82
581 38 -45
177 0 168
251 25 -77
237 12 138
180 11 -75
473 7 390
521 20 -75
476 39 113
593 37 417
374 2 449
560 20 -4
227 16 -26
192 30 -22
230 15 -74
430 8 56
394 17 -19
566 30 405
70 19 -27
401 27 -15
220 17 -1
95 41 -57
295 12 -27
206 36 -63
464 8 518
428 38 42
11 22 -1
85 3 172
265 1 305
179 16 -74
72 8 -77
510 15 -1
388 18 -76
221 14 -81
186 16 -51
97 0 10
150 10 -81
371 20 -82
550 1 13
137 7 226
48 17 -81
233 27 -21
197 37 111
537 3 -56
531 31 -30
606 36 416
312 27 -73
458 6 389
276 1 13
79 1 -71
585 7 -18
190 28 -30
448 16 -2
375 0 148
340 38 112
537 41 -56
215 12 -82
180 18 -75
326 17 -82
128 8 -3
202 3 15
397 20 -29
23 19 -48
560 11 -4
391 26 -26
455 25 -27
267 8 158
548 41 355
159 14 -72
70 10 -27
514 11 -76
588 6 17
392 1 386
149 22 -1
60 20 -53
353 6 17
406 8 -32
542 30 -62
407 31 -45
11 15 -1
304 19 -81
239 17 -54
568 42 366
72 15 -77
381 27 -2
418 7 18
399 27 -39
221 7 -81
186 27 -51
292 3 153
150 13 -81
594 0 46
261 6 308
335 3 15
137 8 228
48 8 -81
601 38 -46
103 39 -36
125 22 -82
397 17 468
384 10 -1
239 18 -54
276 8 20
187 8 83
5 1 7
209 27 126
101 29 -34
606 32 413
251 23 -77
548 7 18
513 11 -38
17 6 17
326 8 -82
128 15 -3
274 34 -47
511 4 -81
313 5 -74
131 10 -28
42 6 17
116 1 49
592 12 -2
561 17 -27
338 7 54
391 19 -26
449 8 -82
267 1 151
178 19 -73
297 16 -77
70 13 -27
270 14 -27
378 20 -27
255 3 306
57 8 -72
95 31 -57
60 19 -53
406 3 -32
82 0 168
542 1 -62
11 4 -1
304 10 -81
307 7 377
381 20 -2
509 8 -80
531 19 -30
310 16 -26
587 35 -65
150 4 -81
249 17 -27
172 17 -38
246 8 158
48 15 -81
357 27 65
333 34 414
51 10 -38
237 27 -51
162 27 -53
471 7 516
479 7 54
239 27 -54
387 12 -38
298 4 -82
101 6 -34
427 37 111
323 20 -55
250 5 -28
215 2 -82
128 6 -3
55 14 -26
511 13 -81
313 14 -74
224 10 -76
42 1 13
116 8 56
388 21 -76
547 39 -17
410 38 -35
391 8 -26
267 6 155
178 10 -73
270 17 -27
181 15 -72
255 8 311
57 17 -72
203 30 -60
168 12 -80
458 3 387
132 18 -77
8 0 10
317 10 254
135 7 226
193 4 -87
231 19 -75
431 6 17
107 1 200
307 12 -76
453 21 -3
169 19 -1
484 1 -63
391 22 -26
261 8 311
100 32 -33
246 3 153
48 6 -81
12 20 -81
233 14 -21
51 19 -38
582 6 -64
162 18 -53
533 1 386
384 24 -1
276 30 332
298 15 -82
409 0 -34
248 24 -4
393 25 78
175 8 177
605 36 351
163 17 262
19 26 -26
511 10 -81
468 6 515
42 8 20
153 11 -38
227 12 -26
524 14 -20
410 33 -35
67 0 148
563 15 -77
585 8 -18
514 20 -76
181 8 -72
92 8 177
57 26 79
601 33 -46
496 27 551
463 6 515
132 25 -77
206 0 -63
8 7 18
559 19 -3
390 6 389
157 15 -26
231 8 -75
71 20 -28
240 16 142
221 18 -81
421 37 -64
169 20 -1
150 22 -81
172 7 -38
556 4 -2
409 32 -34
12 19 -81
468 0 509
51 24 -38
15 6 -38
342 33 428
384 31 -1
311 1 305
525 18 -49
480 3 15
440 3 153
101 8 -34
284 37 352
480 1 13
215 16 -82
126 0 46
570 1 49
128 20 -3
370 27 -41
153 12 -38
462 6 515
191 27 -25
449 19 -82
527 8 462
241 20 -30
289 7 54
18 8 20
92 7 175
129 11 -4
606 34 414
21 13 -72
554 36 40
561 8 -27
473 3 387
428 1 13
157 8 -26
268 13 -3
144 3 223
71 13 -28
514 18 -76
475 38 -22
58 2 -19
518 3 513
97 37 111
243 2 298
207 40 282
402 1 386
12 10 -81
86 1 171
379 9 -28
15 15 -38
569 28 585
384 22 -1
608 30 -65
187 20 -52
484 3 -63
320 14 -51
528 20 -52
505 6 -2
570 8 56
456 19 -28
55 21 -26
348 1 429
385 9 -81
77 8 -69
395 15 -48
188 13 85
153 21 -38
561 27 -27
373 7 -2
249 9 -27
449 20 -82
360 4 -81
487 3 51
380 12 -77
18 3 15
129 12 -4
547 31 -17
21 22 75
167 27 -40
132 15 -77
499 4 -82
46 6 -80
248 10 -4
377 18 -4
68 23 -3
268 4 -3
482 41 -61
71 10 -28
271 9 -28
182 11 82
240 14 140
58 13 -19
169 6 -1
462 0 509
567 7 18
266 27 126
394 11 461
524 11 461
379 14 -28
322 16 261
15 20 -38
606 8 20
184 16 -49
537 32 -56
333 6 17
151 3 51
281 32 -62
173 18 -76
247 15 -3
130 24 -27
160 9 253
546 32 -16
52 15 -76
456 26 -28
55 18 -26
537 37 -56
549 38 353
77 1 -69
388 9 -76
249 18 -27
302 4 -80
538 35 -46
373 27 -2
89 6 174
531 17 468
509 11 -80
172 8 -38
274 32 -47
314 11 -75
514 17 -76
406 38 -32
154 7 248
46 9 -80
411 41 -36
157 26 -26
586 2 596
253 6 308
453 9 -3
147 28 -84
58 20 -19
169 15 -1
411 37 -36
426 45 -22
9 3 15
562 27 -28
454 27 -4
269 28 -4
219 11 -80
454 8 -4
148 5 -80
272 28 -77
281 41 -62
101 35 -34
247 4 -3
505 16 -2
241 27 -30
234 11 136
52 22 -76
484 39 -63
74 7 -66
383 19 -80
385 27 -81
556 25 -2
277 29 -56
389 8 392
334 38 112
373 9 -2
249 27 -27
302 15 -80
519 16 -73
389 3 387
142 3 223
200 6 53
346 45 -36
1 43 4
438 0 46
114 1 208
314 18 -75
453 17 -3
8 35 39
154 14 -76
46 16 -80
157 19 -26
33 45 -34
290 11 -2
173 12 -76
293 14 -3
408 33 -33
22 9 80
80 0 168
389 1 386
447 8 56
559 7 -3
15 26 -38
454 19 -4
148 12 -80
24 18 -53
98 41 -32
453 25 -3
173 4 267
234 10 135
469 3 513
605 1 13
560 7 -4
393 10 -72
383 24 -80
556 16 -2
223 20 -38
334 41 114
605 39 354
373 18 -2
537 33 -56
285 38 42
179 8 -74
235 17 -49
127 7 156
164 19 264
129 23 -4
513 31 -38
488 28 546
522 19 -72
499 27 -82
154 9 -76
463 1 512
46 27 -80
411 39 -36
103 30 -36
68 12 -3
16 26 -76
290 2 -2
182 28 -21
130 14 -27
80 7 175
133 3 51
521 10 -75
476 35 109
376 8 -3
601 30 -46
105 1 13
565 0 10
604 34 -17
269 14 -4
587 31 -65
145 0 219
454 10 -4
578 45 -65
148 11 -80
59 13 -48
259 8 311
98 32 -32
244 7 -2
192 37 -22
10 20 -80
247 26 -3
284 0 10
123 40 214
106 32 -78
87 6 174
105 39 113
456 15 -28
385 21 -81
556 15 -2
188 17 -54
99 3 -58
520 9 -74
210 2 285
394 19 -19
321 13 -52
560 18 -4
394 16 -19
53 3 51
199 36 -79
571 7 18
457 16 -77
481 35 -60
594 8 56
189 14 86
154 16 -76
65 0 10
176 13 -26
250 12 -28
68 11 -3
361 7 54
16 17 -76
591 28 600
298 22 -82
130 9 -27
204 0 -61
22 27 -19
315 15 -72
280 27 65
318 8 256
376 15 -3
409 41 -34
69 20 -4
269 7 -4
454 13 -4
183 12 -20
148 18 -80
59 2 -48
244 14 -2
247 19 -3
306 12 -38
380 11 -77
403 31 474
398 19 470
309 1 305
383 14 -80
185 19 -50
331 28 -8
296 10 -28
99 8 -58
559 11 -3
410 30 -35
232 18 -72
506 10 -82
568 1 361
235 15 -49
272 19 -77
199 29 -79
238 8 137
203 38 -60
386 7 54
238 27 -52
407 29 -45
154 27 -76
250 23 -28
361 8 56
16 8 -76
90 3 172
290 20 -2
608 7 -65
112 28 206
525 14 -49
22 18 -19
532 27 -25
407 33 477
155 8 158
453 22 -3
47 14 -1
451 27 126
454 4 -4
516 7 516
148 25 -80
59 27 -48
170 10 -81
244 21 -2
444 42 366
120 27 65
10 6 -80
84 1 171
306 7 -38
220 14 -1
185 20 -50
274 8 -47
149 6 -1
559 16 -3
297 18 -77
546 39 -16
271 28 -28
506 21 -82
396 20 -53
272 10 -77
75 8 -67
593 0 10
567 6 17
78 7 -70
522 12 -72
523 17 -21
300 5 373
172 13 -38
558 7 156
293 15 -3
303 8 -1
16 15 -76
325 27 -25
405 37 111
19 10 -26
130 27 -27
404 27 65
226 7 226
9 32 37
155 1 151
229 10 -73
47 23 -1
340 3 15
69 6 -4
175 0 168
476 8 20
59 16 -48
604 39 -17
23 14 -48
81 3 172
530 17 -55
84 8 177
230 27 -74
537 30 -56
106 29 -78
159 21 74
531 20 -30
394 20 -19
553 7 54
455 20 -27
149 15 -1
223 8 -38
25 17 89
542 35 -62
321 16 -52
458 8 392
560 8 -4
359 7 -1
396 19 -53
72 20 -77
75 1 -67
579 4 -82
100 31 -33
295 9 -27
411 3 -36
250 25 -28
140 8 228
16 6 68
236 20 -50
19 19 -26
130 18 -27
115 7 54
315 18 -72
603 37 -16
9 41 44
155 6 155
301 27 -40
582 0 -64
412 34 -37
251 10 -77
69 15 -4
362 27 -38
493 27 126
183 27 -20
476 7 18
131 17 -28
424 37 -18
244 27 -2
11 11 -1
192 1 -22
10 8 -80
230 18 -74
602 27 126
467 6 515
159 18 -72
380 16 -77
491 45 -46
553 8 56
455 13 -27
517 18 -26
499 2 -82
149 8 -1
442 2 -4
259 0 302
563 13 -77
600 45 -17
11 27 -1
285 3 15
196 21 276
72 27 -77
381 15 -2
199 8 -79
537 35 -56
75 6 -67
186 15 -51
556 26 -2
371 9 -82
189 18 -55
100 6 -33
29 30 97
140 7 226
125 10 -82
236 19 -50
112 1 13
312 14 -73
579 7 -82
204 36 -61
387 19 -38
461 8 518
424 38 -18
190 19 -30
473 30 402
571 1 13
523 13 -21
69 8 -4
237 13 -51
180 13 -75
291 2 371
363 7 442
183 16 -20
94 0 193
131 22 -28
23 28 -48
316 10 254
134 1 222
537 39 -56
319 15 -50
377 12 -4
430 6 53
159 27 -72
70 25 -27
220 27 -1
257 7 309
168 17 -80
95 35 -57
206 34 -63
99 36 -58
579 19 -82
11 16 -1
232 14 -72
179 17 -74
381 8 -2
199 1 -79
399 20 471
310 12 -26
388 16 -76
576 45 -18
297 9 -77
371 14 -82
550 0 10
601 34 -46
48 27 -81
233 17 -21
507 5 556
162 15 260
54 1 49
347 45 -37
239 15 141
204 35 -61
387 24 -38
461 1 512
523 10 460
390 7 390
251 24 -77
197 34 108
513 16 -38
180 20 -75
473 6 389
437 40 497
20 0 10
538 8 -46
404 28 475
227 19 -26
192 31 -22
230 12 -74
467 8 518
70 16 -27
588 8 20
220 18 -1
149 23 -1
149 26 -1
295 15 -27
206 37 -63
334 30 97
428 39 43
104 32 -37
546 29 -16
196 27 -7
72 9 -77
557 2 579
221 13 -81
186 17 -51
97 7 18
150 11 -81
172 28 -38
137 6 225
48 18 -81
103 41 -36
125 28 -82
466 7 516
239 20 -54
79 0 -71
174 1 171
237 2 -51
448 17 -2
375 3 153
340 39 113
251 17 -77
215 15 -82
180 19 -75
128 9 -3
202 0 10
587 38 -65
42 28 121
23 18 -48
519 31 -73
427 7 18
391 21 -26
274 3 -47
159 9 -72
70 11 -27
514 8 -76
588 7 18
470 6 515
320 12 257
517 13 -26
281 34 -62
82 6 174
538 37 -46
428 30 29
104 39 -37
304 20 -81
603 31 -16
294 8 -4
221 6 -81
336 1 361
592 10 -2
26 20 -24
172 27 -38
326 20 -82
48 9 -81
465 6 515
103 38 -36
333 35 415
51 4 -38
125 21 -82
421 29 -64
384 11 -1
274 38 -47
454 7 -4
387 6 -38
298 26 -82
372 5 448
411 36 -36
248 11 -4
548 32 348
412 6 -37
251 22 -77
288 28 367
215 4 -82
587 39 -65
326 9 -82
392 0 383
274 35 -47
511 7 -81
131 13 -28
42 7 18
319 16 -50
482 29 -61
156 3 153
449 15 -82
267 0 148
178 16 -73
217 27 245
270 15 -27
441 6 -3
57 15 -72
366 3 362
168 6 -80
95 30 -57
132 20 -77
406 0 -32
82 1 171
481 29 -60
11 7 -1
304 11 -81
378 14 -27
307 6 376
381 19 -2
310 17 -26
224 20 -76
332 6 389
150 5 -81
391 23 -26
528 19 -52
172 18 -38
579 9 -82
175 7 175
547 38 -17
51 13 -38
570 6 53
471 6 515
533 7 390
388 15 -76
76 3 -68
455 31 -27
608 8 -65
387 15 -38
298 5 -82
248 18 -4
412 29 -37
88 6 174
306 16 -38
377 11 -4
452 7 156
128 7 -3
55 9 -26
511 12 -81
313 13 -74
224 11 -76
424 8 -18
388 22 -76
433 45 -61
191 20 -25
391 11 -26
178 11 -73
252 6 155
562 12 -28
181 14 -72
57 16 -72
168 13 -80
95 7 -57
132 19 -77
8 1 13
317 9 253
135 6 225
193 27 -87
231 18 -75
431 1 13
14 27 65
307 15 -76
453 20 -3
563 20 -77
565 1 13
169 18 -1
484 32 -63
172 9 -38
246 0 148
48 7 -81
12 21 -81
233 13 -21
51 18 -38
197 31 277
162 19 -53
73 1 13
382 21 -88
384 25 -1
520 11 -74
298 12 -82
409 7 -34
248 25 -4
480 0 10
234 20 -20
215 26 -82
562 20 -28
570 7 54
224 2 -76
153 10 -38
227 15 -26
264 3 306
598 2 605
67 3 153
476 34 108
363 2 -86
57 25 78
132 26 -77
206 1 -63
8 8 20
193 28 -87
377 17 -4
157 14 -26
170 27 -81
529 14 465
307 20 -76
71 23 -28
240 17 -55
221 17 -81
421 36 -64
97 35 109
150 23 -81
402 0 383
510 11 -1
504 27 -42
12 12 -81
468 1 512
51 27 -38
604 3 -17
382 28 -88
384 16 -1
311 0 302
605 32 348
466 8 518
558 3 153
409 8 -34
320 8 256
138 3 223
284 38 353
323 5 -55
215 19 -82
126 1 49
128 21 -3
560 31 -4
592 31 -2
459 8 518
277 1 -56
153 19 -38
462 7 516
410 41 -35
102 30 -35
67 8 158
515 0 509
582 34 -64
289 6 53
181 16 -72
92 0 168
129 10 -4
21 12 -72
206 8 -63
317 27 -20
193 21 -87
104 3 -37
377 19 -4
378 27 -27
268 14 -3
456 14 -28
71 12 -28
430 7 54
388 24 -76
293 18 -3
518 0 509
97 36 110
607 33 -65
465 3 513
601 1 -46
105 36 110
86 6 174
379 8 -28
197 1 13
15 14 -38
542 7 -62
384 23 -1
556 14 -2
98 29 -32
27 27 -39
320 15 -51
505 5 -2
548 36 351
126 8 56
456 20 -28
55 20 -26
385 8 -81
77 7 -69
188 14 86
153 20 -38
373 6 -2
249 8 -27
527 16 -51
341 45 -32
480 6 17
475 37 -22
18 0 10
149 16 -1
132 8 -77
425 2 489
117 1 13
317 20 -20
581 35 -45
46 7 -80
391 27 -26
68 16 -3
453 15 -3
271 8 -28
182 8 -21
240 15 141
58 10 135
204 29 -61
407 7 -45
394 8 -19
305 8 56
454 26 -4
15 23 -38
308 3 306
184 17 -49
555 2 -2
174 8 177
262 3 306
173 17 -76
247 14 -3
49 3 51
505 14 -2
160 10 254
548 35 350
52 8 -76
483 28 542
456 27 -28
383 21 -80
592 13 -2
561 19 -27
77 0 -69
388 10 -76
64 27 -83
373 15 -2
102 8 -35
302 5 -80
585 34 -18
324 18 263
477 38 112
200 0 46
509 10 -80
474 28 -10
129 4 -4
593 34 414
314 8 -75
225 8 228
43 1 122
406 39 -32
154 4 246
228 3 223
46 14 -80
157 25 -26
450 5 505
512 8 56
458 7 390
453 8 -3
173 13 -76
293 4 -3
408 32 -33
169 14 -1
478 0 46
83 7 175
520 12 -74
588 36 351
305 1 49
269 27 -4
15 28 -38
219 10 -80
244 28 -2
330 27 -9
148 6 -80
395 31 -48
453 26 -3
101 34 -34
247 7 -3
395 16 -48
234 8 -20
52 23 -76
605 7 18
484 29 -63
383 18 -80
592 4 -2
385 26 -81
511 8 -81
521 8 -75
188 28 -54
334 39 113
373 8 -2
102 3 -35
302 12 -80
179 9 -74
142 0 219
200 7 54
559 9 -3
571 8 20
438 1 49
314 19 -75
225 1 222
206 29 -63
8 36 40
154 15 -76
46 17 -80
29 39 113
157 18 -26
68 6 -3
290 8 -2
233 16 -21
22 14 -19
80 1 171
441 4 -3
277 31 -56
235 27 -49
579 14 -82
429 8 56
105 31 198
565 6 17
604 33 -17
269 20 -4
558 6 155
454 16 -4
148 13 -80
24 19 -53
98 38 -32
320 20 -51
380 10 -77
106 38 -78
87 8 177
12 15 -81
605 0 10
456 9 -28
383 27 -80
385 19 -81
556 17 -2
277 37 -56
188 27 -54
99 29 -58
559 4 -3
373 17 -2
285 37 41
260 6 308
235 16 -49
127 6 155
520 16 -74
129 22 -4
522 16 -72
336 3 362
154 22 -76
463 0 509
46 24 -80
29 32 107
68 13 -3
512 6 53
16 27 -76
461 0 509
130 15 -27
315 9 -72
216 2 -84
376 9 -3
429 1 49
105 0 10
379 20 -28
269 13 -4
587 30 -65
145 7 226
454 11 -4
506 23 -82
148 20 -80
59 12 138
514 12 -76
192 38 -22
10 21 -80
247 21 -3
284 1 13
480 7 18
13 8 56
87 1 171
380 13 -77
593 38 418
309 7 309
534 31 -10
385 20 -81
556 8 -2
188 18 -54
402 30 402
373 26 -2
321 12 257
608 41 -65
359 27 -1
549 39 354
199 39 -79
164 27 -24
457 23 -77
203 32 -60
349 1 430
457 11 -77
522 27 -72
189 13 85
154 17 -76
65 7 18
176 14 -26
250 13 -28
303 5 -1
361 6 53
16 18 -76
290 26 -2
608 1 -65
182 20 -21
93 28 192
265 3 306
204 1 -61
315 14 -72
280 28 335
511 16 -81
604 7 -17
376 16 -3
565 8 20
69 19 -4
269 6 -4
219 17 -80
513 17 -38
183 15 -20
148 19 -80
407 0 -45
333 41 420
244 15 -2
281 3 -62
10 28 -80
247 18 -3
528 12 463
476 32 107
13 1 49
306 13 -38
380 4 375
309 0 302
383 9 -80
185 18 -50
296 11 -28
160 20 -19
546 36 -16
559 10 -3
592 18 -2
410 31 -35
321 5 -52
232 19 -72
506 11 -82
582 37 -64
235 14 -49
272 20 -77
274 30 -47
457 24 -77
303 17 -1
588 39 354
460 3 513
408 41 -33
154 24 -76
172 12 -38
339 28 426
250 20 -28
546 7 -16
16 9 -76
90 0 168
290 21 -2
201 3 51
388 7 454
211 27 65
22 19 -19
575 27 444
465 0 509
407 32 -45
47 9 -1
581 7 -45
69 28 -4
175 1 171
516 0 509
148 26 -80
294 9 -4
514 14 -76
170 11 -81
244 22 -2
120 28 212
10 7 -80
319 19 -50
566 8 20
537 31 -56
306 4 -38
454 31 -4
398 27 -24
220 15 -1
185 27 -50
149 5 -1
223 2 -38
597 45 -46
334 3 15
136 6 225
445 4 440
484 33 -63
378 15 -27
506 18 -82
549 41 355
272 11 -77
238 16 -52
593 7 18
522 13 -72
582 35 -64
303 11 -1
562 31 -28
143 7 226
608 31 -65
19 13 -26
108 1 201
115 1 49
421 31 -64
470 3 513
9 39 43
155 0 148
203 0 -60
47 22 -1
412 36 -37
582 38 -64
513 12 -38
254 3 306
549 34 349
59 19 -48
409 30 -34
405 3 15
10 14 -80
306 18 -38
509 16 -80
467 7 516
159 20 -72
513 6 -38
248 20 -4
553 6 53
220 6 -1
185 28 -50
149 14 -1
223 11 -38
260 7 309
259 1 305
542 32 -62
102 38 -35
582 39 -64
359 6 -1
161 27 -48
72 21 -77
593 8 20
567 8 20
75 0 -67
402 8 392
322 14 259
303 16 -1
16 7 69
513 27 -38
320 17 -51
19 18 -26
312 8 -73
130 19 -27
115 6 53
538 32 -46
523 31 -21
473 31 536
448 13 -2
412 35 -37
251 13 -77
69 14 -4
237 14 -51
548 3 15
505 27 -2
476 0 10
131 16 -28
395 20 -48
316 12 -21
563 4 558
10 9 -80
230 19 -74
579 31 -82
380 17 -77
521 31 -75
589 1 49
455 12 -27
517 17 -26
95 37 -57
481 36 -60
245 3 153
453 19 -3
11 26 -1
232 8 -72
179 14 -74
593 36 416
72 28 -77
381 14 -2
571 34 108
310 10 -26
186 12 84
297 7 294
371 8 -82
189 17 -55
100 7 -33
29 29 96
582 29 -64
140 0 219
214 27 289
125 9 -82
472 27 533
236 12 138
19 27 -26
312 15 -73
204 37 -61
563 11 -77
387 18 -38
461 7 516
523 20 -21
409 33 -34
448 4 -2
197 35 109
180 14 -75
421 0 -64
183 19 -20
476 31 537
131 25 -28
316 11 255
134 6 225
427 8 20
607 45 -65
319 14 -50
230 10 -74
405 34 108
159 26 79
12 6 -81
220 20 -1
257 6 308
168 18 -80
95 34 -57
295 17 -27
206 35 -63
99 39 -58
428 41 44
11 19 -1
232 15 -72
529 15 466
603 0 -16
381 7 -2
199 0 -79
310 13 -26
481 37 -60
421 6 -64
292 1 151
297 8 -77
371 17 -82
517 20 -26
229 9 -73
344 45 -34
54 6 53
239 14 140
369 27 447
387 27 -38
453 4 -3
174 0 168
190 27 -30
448 27 -2
566 39 419
238 19 -52
251 27 -77
453 31 -3
538 30 -46
326 28 -82
202 6 17
20 1 13
448 18 -2
23 20 -48
603 8 -16
227 18 -26
427 1 13
525 19 -49
391 31 -26
230 13 -74
606 7 18
282 27 336
70 17 -27
412 8 -37
470 1 512
220 19 -1
538 39 -46
149 25 -1
295 14 -27
353 3 15
579 12 -82
428 32 37
11 8 -1
85 1 171
196 4 275
297 17 -77
72 10 -77
571 35 109
221 12 -81
180 28 -75
97 6 17
150 8 -81
378 10 -27
431 3 15
579 16 -82
48 19 -81
601 35 -46
322 27 -54
333 36 416
125 27 -82
236 2 -50
307 17 -76
274 41 -47
276 3 15
442 7 -4
79 3 -71
176 20 -26
248 5 -4
301 5 -40
526 13 -50
340 32 107
251 16 -77
215 14 -82
17 3 15
128 10 -3
202 1 13
514 31 -76
166 27 -83
319 17 -50
560 13 -4
227 27 -26
427 6 17
391 20 -26
482 35 -61
405 39 113
159 8 -72
70 8 -27
514 9 -76
588 0 10
517 12 -26
588 41 355
82 7 175
592 9 -2
393 11 -72
603 30 -16
554 3 15
421 8 -64
332 8 392
563 8 -77
172 20 -38
48 10 -81
601 36 -46
322 18 -54
233 2 -21
51 7 -38
125 20 -82
471 8 518
510 20 -1
384 12 -1
547 30 -17
387 9 -38
79 8 -71
248 12 -4
526 20 -50
412 7 -37
88 0 168
548 1 13
215 7 -82
180 27 -75
326 14 -82
601 29 -46
19 24 -26
511 6 -81
313 11 -74
131 12 -28
520 20 -74
116 3 51
316 16 -21
286 7 18
391 13 -26
449 14 -82
267 3 153
178 17 -73
252 8 158
270 12 -27
400 27 -9
393 23 76
57 14 -72
366 0 358
168 7 -80
376 6 -3
132 21 -77
406 1 -32
317 15 -20
135 8 228
11 6 -1
304 12 -81
231 20 -75
307 9 -76
381 18 -2
418 28 484
563 9 -77
258 8 311
332 7 390
150 26 -81
26 28 -24
172 19 -38
409 34 -34
175 6 174
233 11 136
51 12 -38
490 33 -56
471 1 512
533 6 389
588 35 350
387 14 -38
464 1 512
248 19 -4
526 31 -50
396 27 -53
88 7 175
141 3 223
561 9 -27
605 41 355
128 24 -3
55 8 -26
113 1 207
313 12 -74
224 12 -76
525 13 -49
405 41 114
388 23 -76
227 9 -26
524 17 -20
410 36 -35
391 10 -26
449 7 -82
178 8 -73
252 7 156
362 2 -38
514 27 -76
181 13 -72
57 23 76
168 14 -80
95 6 -57
545 27 126
581 34 -45
336 42 366
317 8 -20
135 1 222
479 3 51
550 6 17
231 13 -75
431 0 10
307 14 -76
71 25 -28
240 27 -55
258 3 306
97 41 114
579 17 -82
100 34 -33
246 1 151
557 27 126
12 22 -81
233 12 -21
51 21 -38
197 30 97
162 16 261
73 0 10
119 45 -61
384 26 -1
345 45 -35
98 8 -32
298 13 -82
409 6 -34
248 26 -4
528 18 -52
215 21 -82
605 34 349
163 19 -29
237 8 137
387 7 -38
277 7 -56
153 9 -38
227 14 -26
524 8 -20
191 28 -25
563 31 -77
527 13 -51
35 45 -36
327 27 245
57 24 77
547 29 -17
132 27 -77
206 6 -63
521 18 -75
482 38 -61
104 29 -37
157 13 -26
231 10 -75
268 16 -3
527 14 -51
71 22 -28
240 18 -55
221 16 -81
421 35 -64
97 34 108
150 20 -81
541 28 567
100 41 -33
510 8 -1
12 13 -81
608 29 -65
51 26 -38
197 7 18
533 8 392
384 17 -1
311 3 306
187 17 -52
98 3 -32
558 0 148
138 0 219
284 39 354
603 35 -16
603 38 -16
215 18 -82
126 6 53
128 22 -3
592 16 -2
565 7 18
455 10 -27
277 0 -56
153 18 -38
476 38 112
517 27 -26
102 31 -35
449 17 -82
538 6 -46
484 6 -63
18 6 17
92 1 171
129 9 -4
21 11 -72
167 28 -40
132 2 -77
117 7 18
561 14 -27
428 3 15
302 27 -80
268 15 -3
71 15 -28
286 3 15
281 31 -62
293 17 -3
518 1 512
354 1 436
543 27 568
601 0 -46
12 4 -81
86 7 175
379 11 -28
197 0 10
15 9 -38
298 27 -82
393 26 79
447 7 54
505 4 -2
323 13 258
548 37 352
52 2 -76
514 7 560
456 21 -28
55 23 -26
385 15 -81
77 6 -69
454 20 -4
188 15 87
153 27 -38
373 5 -2
249 15 -27
360 6 -81
89 3 172
509 18 -80
18 1 13
129 2 -4
203 7 -60
21 20 -72
314 14 -75
132 9 -77
117 0 10
317 19 -20
46 4 -80
409 31 -34
68 17 -3
268 6 -3
583 28 594
453 14 -3
173 14 -76
182 9 80
294 2 -4
58 11 136
204 30 -61
169 4 -1
431 8 20
407 6 -45
83 1 171
394 9 459
15 22 -38
421 7 -64
184 18 -49
202 8 20
222 3 51
519 27 -73
453 27 -3
281 38 -62
262 0 302
173 16 -76
247 9 -3
505 13 -2
160 11 255
234 14 -20
52 9 -76
383 20 -80
592 14 -2
296 16 -28
475 34 -22
306 20 -38
373 14 -2
249 16 -27
302 10 -80
405 32 107
324 19 -30
200 1 49
509 9 -80
129 27 -4
403 27 473
314 9 -75
406 36 -32
154 5 -76
46 15 -80
157 24 -26
68 24 -3
290 14 -2
271 16 -28
58 18 -19
169 13 -1
478 1 49
563 17 -77
9 1 13
83 6 174
537 6 -56
305 0 46
604 32 -17
219 13 -80
513 8 -38
148 7 -80
455 21 -27
24 13 85
170 20 -81
444 0 358
192 41 -22
173 9 -76
247 6 -3
593 35 415
395 19 -48
234 9 134
52 16 -76
605 6 17
385 25 -81
556 27 -2
370 2 -41
334 36 110
373 23 -2
376 7 -3
102 0 -35
302 13 -80
585 29 -18
604 29 -17
142 1 222
200 8 56
440 7 156
40 28 118
314 16 -75
225 0 219
537 1 -56
8 37 41
154 12 -76
46 22 -80
29 38 112
157 17 -26
68 7 -3
512 0 46
535 27 -14
290 9 -2
182 27 -21
293 12 -3
477 3 15
22 15 -19
243 27 126
321 17 -52
562 16 -28
66 45 -22
429 7 54
105 30 97
269 19 -4
219 2 -80
256 8 311
148 14 -80
24 20 -53
98 39 -32
506 31 -82
519 15 -73
192 32 -22
528 31 -52
358 6 -80
106 39 -78
469 1 512
526 12 463
456 10 -28
383 26 -80
385 18 -81
556 18 -2
277 36 -56
188 20 -54
481 6 -60
393 12 -72
373 16 -2
481 7 -60
302 20 -80
285 36 40
506 6 -82
142 8 228
127 1 151
571 0 10
129 21 -4
587 41 -65
314 27 -75
522 17 -72
154 23 -76
463 3 513
46 25 -80
176 8 -26
68 14 -3
512 7 54
16 28 -76
182 18 -21
130 12 -27
315 8 -72
133 1 49
580 5 592
511 17 -81
562 11 -28
376 10 -3
429 0 46
105 7 18
269 12 -4
145 6 225
219 27 -80
148 21 -80
59 15 -48
24 27 -53
170 6 -81
192 39 -22
10 18 -80
247 20 -3
13 7 54
87 0 168
380 14 -77
581 3 -45
309 6 308
185 8 83
455 22 -27
556 9 -2
188 19 -54
408 31 -33
525 12 463
373 25 -2
581 31 -45
515 6 515
250 24 -28
235 8 137
53 1 49
199 38 -79
457 22 -77
203 35 -60
408 35 -33
521 27 -75
65 6 17
482 33 -61
176 15 -26
250 10 -28
303 4 -1
16 19 -76
90 6 174
290 27 -2
93 27 65
585 3 -18
434 28 495
337 28 424
318 14 -49
376 17 -3
105 8 20
69 18 -4
523 27 -21
219 16 -80
256 6 308
183 14 -20
547 41 -17
562 13 -28
244 8 -2
530 19 -55
528 13 -52
195 27 -43
13 0 46
306 10 -38
380 5 -77
318 27 -49
383 8 -80
185 17 -50
296 12 -28
223 4 -38
457 25 -77
136 0 219
263 7 309
232 20 -72
604 41 -17
124 2 215
161 8 256
199 31 -79
571 30 97
238 14 -52
297 19 -77
7 2 9
588 37 352
250 21 -28
303 13 -1
565 35 415
16 10 -76
90 1 171
290 18 -2
394 14 -19
22 16 -19
506 12 -82
407 35 -45
229 15 -73
47 8 -1
340 6 17
69 27 -4
513 10 -38
56 0 46
516 1 512
148 27 -80
294 14 -4
170 8 -81
81 8 177
11 9 -1
427 36 110
10 4 -80
84 3 172
509 17 -80
466 1 512
306 5 -38
513 7 -38
309 8 311
220 8 -1
149 4 -1
223 13 -38
334 0 10
136 7 226
600 33 -17
484 34 -63
232 27 -72
529 27 -54
506 19 -82
393 17 -72
272 12 -77
238 17 -52
525 31 -49
593 6 17
377 16 -4
297 20 -77
522 10 -72
482 8 -61
563 16 -77
548 8 20
103 7 -36
303 10 -1
90 8 177
143 6 225
320 16 -51
19 12 -26
130 25 -27
115 0 46
424 36 -18
9 38 42
155 3 153
229 8 -73
47 17 -1
412 37 -37
69 4 -4
237 15 -51
254 0 302
516 8 518
183 28 -20
59 18 -48
424 32 -18
23 8 83
81 1 171
427 29 96
10 15 -80
319 27 -50
242 2 -25
271 13 -28
581 32 -45
159 23 76
380 27 -77
287 3 362
146 8 228
220 7 -1
402 3 387
149 13 -1
223 10 -38
260 0 302
481 34 -60
559 27 -3
542 33 -62
197 36 110
102 39 -35
232 2 -72
285 8 20
179 15 -74
396 13 464
72 22 -77
75 3 -67
371 2 -82
596 28 604
482 3 -61
29 3 15
322 15 260
277 41 -56
125 15 -82
452 0 148
19 21 -26
312 9 -73
130 16 -27
269 15 -4
315 20 -72
521 13 -75
541 27 65
448 14 -2
306 19 -38
251 12 -77
69 13 -4
513 4 -38
542 6 -62
599 33 -16
402 6 389
476 1 13
131 19 -28
424 39 -18
316 13 -21
192 3 -22
230 16 -74
566 3 15
380 18 -77
524 15 -20
146 3 223
455 15 -27
517 16 -26
565 41 420
95 36 -57
295 27 -27
441 7 -3
484 8 -63
174 6 174
232 9 -72
285 1 13
161 19 -48
470 7 516
381 13 -2
571 37 111
310 11 -26
441 27 -3
186 13 -51
292 0 148
297 6 293
371 11 -82
189 16 88
100 0 -33
140 1 222
542 37 -62
125 8 -82
236 13 -50
298 19 -82
112 3 15
312 16 -73
204 38 -61
484 7 -63
387 21 -38
461 6 515
174 3 172
190 17 89
251 5 -77
180 15 -75
248 4 -4
183 18 -20
131 24 -28
530 18 -55
134 7 226
510 10 -1
519 10 -73
230 11 -74
159 5 -72
470 0 509
168 19 -80
295 16 -27
206 32 -63
99 38 -58
11 18 -1
85 7 175
432 45 -60
603 3 -16
161 20 -48
72 4 67
381 6 -2
199 3 -79
554 30 29
453 24 -3
186 20 -51
297 15 -77
371 16 -82
408 6 -33
137 3 223
447 6 53
333 37 417
172 11 -38
162 13 258
274 31 -47
54 7 54
520 17 -74
411 33 -36
387 26 -38
218 2 -40
523 12 -21
176 19 -26
393 13 -72
251 26 -77
551 1 361
202 7 18
511 19 -81
405 29 96
427 0 10
230 2 -74
178 28 -73
70 22 -27
514 15 -76
560 12 -4
581 33 593
149 24 -1
169 17 -1
558 8 158
171 7 54
104 34 -37
85 0 168
364 2 443
554 32 37
72 11 -77
532 20 -25
597 33 -46
399 31 -39
310 5 -26
221 11 -81
561 20 -27
150 9 -81
475 1 -22
333 32 413
335 7 18
48 20 -81
524 12 -20
293 10 -3
125 26 -82
453 7 -3
388 13 -76
594 3 51
298 17 -82
248 6 -4
448 19 -2
526 18 -50
251 19 -77
215 9 -82
570 3 51
91 7 175
128 11 -3
19 25 -26
377 20 -4
405 38 112
560 14 -4
286 6 17
606 30 405
156 6 155
159 11 -72
70 9 -27
270 10 -27
588 1 13
255 7 309
517 11 -26
376 5 -3
542 29 -62
104 41 -37
378 5 -27
532 19 470
554 0 10
221 4 -81
567 1 13
97 30 97
515 8 518
261 3 306
482 39 -61
48 11 -81
409 35 -34
103 32 -36
547 35 -17
51 6 -38
125 19 -82
273 0 193
213 27 287
384 13 -1
76 6 -68
520 31 -74
187 13 -52
387 8 -38
298 24 -82
464 0 509
248 13 -4
459 7 516
601 31 -46
412 0 -37
88 1 171
454 23 -4
215 6 -82
326 15 -82
128 2 -3
313 10 -74
131 15 -28
424 3 -18
316 17 -21
11 14 -1
524 27 -20
391 12 -26
449 13 -82
178 14 -73
270 13 -27
57 13 -72
366 1 361
168 8 -80
132 22 -77
353 28 435
406 6 -32
317 14 -20
304 13 -81
378 12 -27
307 8 -76
381 17 -2
556 6 -2
332 0 383
150 27 -81
100 36 -33
48 2 -81
12 24 -81
233 10 135
51 15 -38
471 0 509
556 24 -2
384 4 -1
529 20 -54
265 0 302
101 3 -34
545 2 571
528 17 -52
412 31 -37
88 8 177
551 42 366
581 8 -45
326 6 -82
128 25 -3
55 11 -26
511 14 -81
313 19 -74
224 13 -76
160 27 -19
153 7 -38
227 8 -26
524 18 -20
410 37 -35
475 41 -22
449 6 -82
526 14 -50
178 9 -73
252 0 148
270 20 -27
181 12 -72
401 31 -15
57 22 75
521 11 -75
168 15 -80
95 1 -57
8 3 15
521 19 -75
135 0 219
308 8 311
304 4 -81
231 12 -75
179 20 -74
144 8 228
71 24 -28
606 35 415
258 0 302
169 16 -1
150 18 -81
61 2 -29
100 35 -33
246 6 155
566 7 18
12 23 -81
565 39 419
51 20 -38
197 29 96
162 17 -53
73 7 18
382 27 -88
510 27 -1
384 27 -1
407 30 -45
520 13 -74
187 27 -52
298 10 -82
277 34 -56
248 27 -4
138 6 225
284 41 355
234 18 -20
215 20 -82
318 19 -49
163 18 263
128 16 -3
542 8 -62
313 20 -74
224 4 292
277 6 -56
153 8 -38
524 9 459
527 12 463
289 3 51
363 4 440
292 8 158
203 8 -60
95 32 -57
132 4 127
206 7 -63
388 14 -76
356 45 -64
104 30 -37
157 12 -26
268 17 -3
71 17 -28
329 5 382
240 19 -55
440 0 148
421 34 -64
376 27 -3
150 21 -81
61 27 -29
579 15 -82
465 8 518
12 14 -81
468 3 513
523 15 -21
197 6 17
412 41 -37
73 8 20
384 18 -1
187 16 -52
98 0 -32
558 1 151
393 27 -72
138 1 222
284 32 348
358 27 -80
453 16 -3
52 4 127
126 7 54
163 27 -29
128 23 -3
55 25 -26
592 17 -2
224 27 -76
457 19 -77
153 17 -38
598 27 126
249 5 -27
449 16 -82
294 17 -4
487 7 54
18 7 18
129 8 -4
203 1 -60
21 10 -72
281 37 -62
117 6 17
561 13 -27
46 2 -80
157 5 -26
231 2 -75
268 8 -3
144 6 225
71 14 -28
173 15 -76
378 17 -27
293 16 -3
61 20 -29
407 8 -45
465 1 512
601 7 -46
394 15 -19
405 6 17
379 10 -28
458 0 383
15 8 -38
308 6 308
184 12 84
585 6 -18
151 7 54
372 27 245
138 8 228
49 8 56
505 11 -2
526 8 462
548 38 353
52 10 -76
456 22 -28
55 22 -26
592 8 -2
385 14 -81
224 18 -76
277 8 -56
475 35 -22
153 26 -38
424 1 -18
373 4 -2
466 3 513
249 14 -27
360 7 -81
549 1 13
560 15 -4
509 15 -80
593 39 419
203 6 -60
21 19 -72
314 15 -75
132 10 -77
406 34 -32
317 18 -20
453 6 -3
68 18 -3
268 7 -3
563 27 -77
453 13 -3
271 10 -28
182 14 -21
58 8 -19
204 31 -61
169 11 -1
563 14 -77
391 18 -26
426 33 -22
407 1 -45
83 0 168
482 34 -61
601 8 -46
537 7 -56
525 16 -49
197 8 20
15 17 -38
184 19 -49
397 31 -29
555 4 -2
222 0 46
333 3 15
603 29 -16
62 20 -24
262 1 305
101 39 -34
247 8 -3
49 1 49
505 12 -2
160 12 -19
234 15 -20
105 34 108
383 23 -80
592 15 -2
385 7 -81
296 17 -28
334 34 108
373 13 -2
249 23 -27

549 10 27
200 2 52
117 8 25
512 10 63
253 3 310
478 6 59
9 0 11
429 13 492
305 7 60
222 11 64
444 1 360
284 13 339
469 7 530
287 0 359
605 5 22
142 6 238
200 9 62
571 10 27
438 7 60
593 25 408
549 25 343
65 11 147
265 6 161
512 1 48
80 3 176
133 7 60
9 9 26
429 6 59
105 29 104
565 4 21
259 4 315
284 4 21
13 13 50
469 0 510
570 32 586
29 7 24
289 32 369
127 0 149
571 3 19
463 2 514
361 3 55
133 0 47
105 6 23
565 13 404
145 5 58
256 0 303
466 4 522
284 3 19
13 6 59
87 3 176
53 0 47
127 9 164
593 11 28
386 11 64
65 5 22
361 4 57
90 7 189
334 25 100
133 9 62
105 15 94
565 22 406
84 5 183
284 26 344
467 5 394
136 1 221
263 6 161
386 2 52
361 13 439
550 7 24
201 1 48
340 7 24
56 1 48
516 2 514
94 18 196
479 1 48
553 3 55
334 1 12
467 2 514
593 5 22
29 9 26
143 1 221
201 10 63
115 3 55
226 2 224
155 2 154
340 14 95
553 10 63
254 1 304
476 11 28
405 1 12
81 0 169
427 28 103
566 9 26
146 9 242
260 1 304
334 8 25
285 7 24
606 3 19
29 2 16
112 13 205
565 21 581
115 8 61
340 21 99
402 7 396
476 2 16
405 10 27
427 21 99
430 2 52
566 0 11
588 21 597
146 0 220
257 3 310
171 8 61
245 1 150
588 8 25
285 0 11
470 4 522
606 10 27
97 10 27
473 8 397
29 27 102
140 2 224
463 5 524
112 4 21
390 3 391
340 28 103
548 22 341
91 8 190
476 25 100
134 4 229
427 10 27
430 5 58
566 27 410
257 4 315
353 8 25
171 1 48
245 10 165
467 0 510
285 25 32
606 13 404
97 3 19
137 2 224
54 4 131
276 6 23
594 9 62
375 7 162
340 27 102
548 29 347
91 1 170
551 0 359
202 4 21
405 28 103
427 3 19
588 11 28
353 1 12
171 6 59
418 8 25
554 6 23
332 19 401
335 6 23
458 2 388
594 0 47
480 13 541
548 4 21
17 1 12
91 6 23
116 6 59
338 8 61
566 21 582
452 0 149
588 2 16
336 31 365
477 8 25
8 22 30
464 3 517
428 25 32
418 3 19
554 1 12
97 29 104
261 2 307
88 2 173
548 3 19
42 2 16
116 13 210
338 3 55
267 5 160
252 10 165
57 12 133
477 1 12
8 29 36
431 5 22
567 7 24
554 8 25
258 6 318
97 22 98
175 0 169
471 3 517
533 4 393
276 19 331
480 9 26
141 1 221
42 13 120
252 1 150
289 9 62
292 2 154
477 26 101
8 4 21
135 3 227
431 2 16
258 1 304
246 7 162
468 5 394
286 4 21
197 28 103
73 6 23
480 0 11
570 2 52
462 3 517
264 6 161
67 4 159
487 9 62
289 2 52
92 4 181
292 9 164
8 11 28
428 6 23
431 11 28
144 0 220
589 8 61
440 1 150
86 2 173
197 5 22
480 7 24
151 9 62
126 4 57
67 13 152
487 6 59
549 7 24
18 4 71
92 3 176
117 5 22
144 7 240
589 1 48
440 8 163
9 21 45
465 0 510
86 5 22
197 14 95
333 9 26
151 6 59
447 1 48
273 18 196
459 2 514
89 1 170
549 0 11
438 10 63
515 1 511
83 3 176
305 13 374
222 1 48
333 2 16
262 6 161
49 0 47
605 11 28
549 9 26
200 3 55
438 13 498
512 11 64
253 2 307
478 7 60
9 7 24
105 27 102
305 6 59
222 8 61
444 2 363
469 6 395
605 4 21
200 10 63
571 13 93
438 4 57
463 4 522
265 5 160
512 2 52
80 4 178
133 6 59
9 8 25
429 5 58
105 28 103
565 3 19
145 3 227
284 5 22
87 5 22
605 29 347
570 33 370
139 1 221
127 3 157
571 2 16
389 4 455
65 3 19
361 2 52
550 10 27
105 5 22
145 4 232
256 1 304
466 5 394
284 28 346
13 5 58
87 2 173
605 22 341
309 4 379
447 7 60
139 6 235
127 8 163
571 27 102
593 10 27
386 8 61
65 4 21
361 11 64
90 4 181
550 13 574
133 8 61
105 14 95
158 0 149
516 4 562
284 27 345
136 2 224
263 1 304
606 22 406
593 3 19
386 3 55
29 15 94
550 4 21
201 0 47
340 0 11
553 11 368
56 2 132
516 3 517
476 13 93
405 7 24
479 0 47
553 2 52
334 6 23
285 13 14
606 25 408
593 4 21
29 8 25
143 0 220
201 9 62
115 2 52
226 3 227
340 15 94
476 4 21
405 0 11
479 9 62
146 6 59
260 2 307
334 9 26
245 7 162
285 6 23
470 2 514
606 0 11
473 9 398
49 10 63
140 4 232
115 11 64
340 22 98
402 4 393
476 3 19
405 9 26
134 2 224
430 3 55
566 1 12
588 22 341
146 1 221
257 2 307
171 11 64
245 0 149
29 1 12
174 4 270
470 5 394
606 11 28
554 21 578
97 9 26
29 26 101
140 3 227
54 2 52
112 5 22
461 4 521
390 0 384
375 9 164
340 29 104
473 1 385
476 26 101
427 13 93
430 10 63
588 13 339
551 31 365
334 27 102
245 9 164
467 3 517
554 28 35
97 2 16
137 1 221
276 7 24
594 6 59
375 6 161
91 0 169
202 5 22
405 27 102
427 2 16
430 13 493
159 12 252
588 4 21
336 30 423
353 0 11
418 9 26
554 7 24
97 27 102
335 1 12
458 3 391
594 1 48
548 5 22
17 0 11
473 19 535
116 7 60
338 9 62
156 0 149
452 1 150
588 3 19
255 1 304
477 7 24
464 4 522
428 26 33
567 9 26
418 0 11
97 28 103
261 1 304
246 10 165
471 5 394
171 13 266
458 10 399
88 3 176
42 3 19
338 0 47
267 4 159
252 11 301
452 8 163
292 4 159
477 0 11
431 4 21
567 6 23
554 9 26
332 2 388
246 13 300
175 3 176
286 2 16
471 2 514
533 3 391
85 5 22
333 29 412
141 0 220
42 10 27
264 0 303
252 2 154
289 8 61
558 13 580
292 3 157
477 25 100
8 5 22
135 2 224
428 8 25
431 13 494
246 4 159
468 6 395
286 5 22
197 27 102
73 5 22
333 22 406
138 4 232
126 2 52
570 3 55
462 0 510
264 7 162
67 7 162
487 8 61
289 1 48
92 5 22
292 10 165
428 7 24
431 10 27
144 1 221
589 7 60
440 2 154
86 3 176
197 4 21
151 8 61
126 5 58
570 10 63
49 8 61
487 1 48
549 6 23
117 4 21
589 0 47
440 9 164
305 11 64
197 13 93
308 0 303
333 8 25
151 1 48
82 3 176
447 0 47
177 2 272
558 2 154
89 0 169
571 22 98
438 11 64
117 13 211
228 0 220
515 0 510
9 29 36
83 2 173
222 6 59
333 1 12
262 7 322
49 7 60
605 10 27
549 8 25
200 4 57
438 2 52
265 3 310
253 1 304
478 4 57
9 6 23
429 11 64
105 26 101
305 5 58
222 9 62
259 1 304
469 5 394
287 2 363
605 3 19
142 4 232
200 11 64
127 5 160
438 5 58
336 0 359
65 9 26
265 4 315
512 3 55
171 0 47
133 5 58
429 4 57
105 3 19
565 2 16
145 2 224
259 6 319
284 6 23
13 11 64
87 4 181
605 28 346
139 0 220
127 2 154
571 5 22
389 3 391
65 2 16
548 13 339
361 1 48
550 11 28
478 8 61
49 4 57
105 4 21
565 11 28
256 2 307
466 2 514
284 29 347
13 4 57
605 21 607
309 3 310
127 11 166
571 26 101
593 9 26
386 9 62
460 0 510
361 10 63
90 5 22
550 2 16
105 13 93
158 1 150
553 4 57
136 3 227
263 0 303
593 2 16
386 0 47
29 14 95
550 5 22
201 7 60
340 1 12
565 29 412
551 30 575
402 19 401
94 16 194
405 6 23
479 3 55
427 25 100
553 1 48
260 4 315
334 7 24
470 8 531
473 10 399
49 11 64
143 3 227
201 8 61
112 8 25
115 5 58
226 0 220
155 4 249
340 8 25
402 10 399
476 5 22
405 15 94
479 8 61
146 7 60
260 3 310
245 6 161
174 2 173
285 5 22
470 3 517
606 1 12
29 0 11
140 5 58
115 10 63
478 11 64
340 23 427
402 5 394
476 28 103
405 8 25
134 3 227
430 0 47
566 6 23
257 1 304
171 10 63
606 8 25
97 8 25
29 25 100
54 3 55
112 6 23
461 3 517
390 1 385
375 8 163
177 1 170
473 0 384
476 27 102
430 11 64
566 25 408
171 3 55
245 8 163
85 4 181
554 29 36
97 1 12
137 0 220
276 0 11
594 7 60
375 1 150
91 3 176
551 2 363
202 2 16
405 26 101
427 5 22
267 9 164
588 5 22
477 13 93
353 7 24
428 28 35
418 6 23
554 4 21
97 26 101
335 0 11
458 0 384
548 6 23
202 13 280
116 0 47
338 6 59
156 1 150
452 2 154
255 0 303
477 6 23
464 5 394
428 27 34
567 8 25
418 1 12
332 4 393
261 0 303
335 9 26
246 11 166
471 4 522
458 11 508
88 4 181
141 6 237
42 0 11
338 1 48
267 7 162
252 4 159
452 9 164
292 5 160
135 4 230
431 7 24
567 1 12
258 4 315
332 3 391
246 2 154
175 2 173
286 3 19
73 3 19
533 2 388
333 28 411
42 11 28
264 1 304
67 1 150
252 3 157
8 6 23
428 9 26
589 13 598
246 5 160
468 7 529
286 10 27
197 26 101
73 4 21
533 11 400
333 21 407
138 5 234
126 3 55
570 0 47
462 1 511
264 8 324
67 6 161
487 11 64
289 0 47
92 6 23
292 11 166
8 13 14
428 0 11
144 2 224
589 6 59
440 3 157
518 2 563
86 0 169
286 13 357
197 3 19
151 11 64
82 2 173
480 2 16
126 10 63
570 11 368
487 0 47
549 5 22
18 2 16
117 3 19
473 2 388
440 10 165
9 27 34
465 6 526
305 10 63
308 1 304
333 7 24
151 0 47
447 3 55
287 31 365
459 4 519
332 11 400
89 7 188
438 8 61
228 1 221
515 3 517
478 2 52
9 28 35
83 5 182
305 3 55
222 7 60
333 0 11
262 4 315
447 8 61
605 9 26
142 2 224
200 5 58
549 28 346
558 11 166
438 3 55
225 3 227
265 2 307
512 13 557
253 0 303
334 26 101
478 5 58
9 5 22
429 10 63
105 25 100
305 4 57
145 8 241
259 0 303
284 8 25
85 6 184
469 4 522
605 2 16
142 5 58
127 4 159
225 4 295
336 1 360
65 8 25
512 4 57
133 4 57
447 11 368
105 2 16
565 1 12
145 1 221
332 20 403
284 7 24
13 10 63
605 27 345
139 3 227
53 4 130
127 13 217
571 4 21
389 2 388
65 1 12
361 0 47
550 8 25
105 11 28
565 10 27
553 5 58
256 3 310
466 3 517
13 3 55
309 2 307
568 0 359
127 10 165
571 29 104
593 8 25
386 6 59
460 1 511
361 9 62
90 2 173
550 3 19
479 5 58
84 0 169
284 21 342
558 4 159
136 4 231
263 3 310
593 1 12
386 1 48
473 11 400
29 13 93
143 5 58
201 6 59
340 2 16
565 28 411
94 17 195
405 5 22
479 2 52
427 24 199
553 0 47
97 21 99
260 5 160
334 4 21
285 11 28
29 6 23
143 2 224
112 9 26
115 4 57
226 1 221
478 10 63
340 9 26
254 4 313
402 11 400
476 6 23
405 14 95
479 11 64
588 25 343
146 4 232
245 5 160
174 3 176
285 4 21
470 0 510
606 6 23
140 6 236
112 0 11
334 29 104
115 13 209
480 10 27
402 2 388
476 29 104
405 23 476
134 0 220
427 22 98
430 1 48
566 7 24
257 0 303
334 22 98
285 29 36
606 9 26
97 15 94
548 11 28
29 24 106
273 17 328
112 7 24
594 13 602
461 2 514
375 11 166
177 0 169
473 7 396
97 4 21
427 15 94
430 8 61
353 13 434
171 2 52
85 3 176
285 22 30
554 26 33
97 0 11
458 6 395
276 1 12
594 4 57
375 0 149
91 2 173
202 3 19
405 25 100
427 4 21
267 8 163
452 4 159
588 6 23
353 6 23
428 29 36
418 7 24
554 5 22
97 25 100
261 6 321
335 3 19
458 1 385
276 8 25
548 7 24
202 10 27
42 6 23
116 1 48
338 7 60
156 2 154
267 1 150
452 3 157
255 3 310
366 2 445
477 5 22
8 25 32
82 0 169
558 5 160
567 11 28
332 5 394
335 8 25
246 8 163
49 13 124
175 4 271
471 7 396
458 8 397
88 5 22
141 5 58
42 1 12
116 8 61
267 6 161
252 5 160
452 10 165
292 6 161
8 0 11
431 6 23
567 0 11
258 5 160
246 3 157
286 0 11
73 2 16
533 1 385
333 27 410
570 6 59
42 8 25
264 2 307
67 0 149
487 13 545
92 8 25
292 13 372
8 7 24
428 10 27
468 0 510
286 11 28
197 25 100
73 11 167
533 10 399
311 1 304
480 3 19
151 13 243
138 2 224
480 1 12
126 0 47
570 1 48
67 9 164
487 10 63
289 7 60
92 7 24
428 1 12
144 3 227
589 5 58
440 4 159
86 1 170
197 2 16
533 19 535
333 13 404
151 10 63
447 5 58
549 26 344
126 11 216
570 8 61
332 10 399
487 3 55
549 4 21
18 3 19
117 2 16
440 11 166
9 26 33
465 5 394
305 9 62
197 11 28
308 2 307
333 6 23
151 3 55
262 2 307
447 2 52
287 30 364
89 6 23
549 13 339
549 29 347
438 9 62
117 11 28
228 2 297
515 2 514
478 3 55
9 3 19
83 4 181
305 2 52
222 4 57
262 5 160
49 5 58
605 8 25
142 3 227
200 6 59
571 9 26
438 0 47
225 2 224
265 1 304
80 0 169
9 4 21
429 9 62
105 24 199
565 7 24
259 3 310
284 9 26
469 3 517
605 1 12
200 13 278
127 7 162
593 29 412
336 2 363
463 1 511
512 5 58
478 13 539
133 3 55
9 13 14
429 2 52
105 1 12
565 0 11
145 0 220
284 0 11
13 9 62
87 6 186
605 26 344
139 2 224
53 3 55
571 7 24
593 22 406
389 1 385
65 0 11
361 7 60
550 9 26
105 10 27
565 9 26
256 4 315
466 0 510
13 2 52
309 1 304
263 5 160
568 1 360
571 28 103
386 7 60
460 2 514
361 8 61
90 3 176
550 0 11
340 4 21
479 4 57
392 0 384
84 1 170
284 22 341
332 1 385
334 2 16
263 2 307
606 21 608
571 21 587
593 0 11
558 7 162
143 4 232
201 5 58
155 1 150
340 3 19
565 27 410
254 2 307
476 8 25
405 4 21
81 3 176
427 27 102
566 10 27
553 7 60
260 6 320
334 5 22
285 10 27
606 28 411
29 5 22
112 10 27
171 7 60
115 7 60
340 10 27
402 8 397
476 7 24
405 13 93
81 4 179
338 32 425
85 0 169
566 13 404
588 26 344
146 5 58
245 4 159
174 0 169
285 3 19
470 1 511
606 7 24
548 10 27
112 1 12
375 13 450
402 3 391
405 22 98
134 1 221
427 9 26
430 6 59
566 4 21
353 11 28
285 28 35
97 14 95
29 23 105
54 1 48
594 10 63
461 1 511
375 10 165
340 24 106
473 6 395
20 0 11
476 21 99
427 14 95
430 9 62
549 21 573
171 5 58
467 4 522
285 21 356
418 13 483
554 27 34
97 7 24
335 5 22
458 7 396
276 2 16
594 5 58
375 3 157
548 25 343
91 5 22
202 0 11
405 24 106
427 7 24
156 4 250
267 11 166
566 22 406
452 5 160
588 7 24
477 11 28
353 5 22
464 0 510
567 13 583
418 4 21
554 2 16
97 24 106
261 5 160
335 2 16
471 9 532
276 9 26
548 0 11
202 11 28
42 7 24
116 2 52
338 4 57
156 3 157
267 0 149
255 2 307
477 4 21
8 26 33
82 1 170
428 21 491
567 10 27
554 13 14
332 6 395
335 11 28
246 9 164
197 22 98
471 6 395
533 7 396
458 9 398
88 6 187
141 4 232
116 9 62
252 6 161
452 11 166
292 7 162
477 29 104
8 1 12
429 3 55
431 1 12
567 3 19
258 2 307
246 0 149
286 1 12
73 1 12
533 0 384
333 26 409
82 4 180
570 7 60
42 9 26
264 3 310
67 3 157
92 9 191
477 22 98
8 8 25
428 11 28
589 11 64
468 1 511
286 8 25
197 24 199
73 10 27
533 9 398
311 0 303
480 4 21
558 3 157
138 3 227
126 1 48
67 8 163
487 5 58
289 6 59
92 0 169
21 12 73
428 2 16
144 4 232
589 4 57
440 5 160
518 0 510
465 3 517
86 6 185
197 1 12
308 4 378
151 5 58
447 4 57
126 8 61
570 9 62
459 1 511
487 2 52
549 3 19
18 0 11
480 11 28
117 1 12
9 25 32
465 4 522
305 8 61
197 10 27
308 3 310
222 2 52
333 5 22
151 2 52
262 3 310
49 3 55
89 5 22
200 0 47
117 10 27
512 8 61
478 0 47
9 2 16
447 9 62
105 22 98
305 1 48
549 27 345
479 13 540
222 5 58
447 10 63
605 7 24
553 33 370
142 0 220
200 7 60
571 8 25
438 1 48
593 27 410
225 1 221
265 0 303
80 1 170
9 11 28
429 8 61
565 6 23
259 2 307
284 10 27
469 2 514
605 0 11
127 6 161
571 1 12
593 28 411
463 0 510
265 9 325
512 6 59
133 2 52
429 1 48
105 0 11
145 7 60
466 6 527
284 1 12
13 8 61
87 1 170
605 25 343
558 6 161
139 5 58
53 2 52
571 6 23
593 21 601
386 13 451
460 4 520
389 0 384
65 7 24
361 6 59
133 11 218
105 9 26
565 8 25
256 5 316
466 1 511
447 33 504
13 1 48
309 0 303
97 23 197
263 4 315
568 2 363
386 4 57
460 3 517
90 0 169
550 1 12
201 3 55
340 5 22
516 0 510
479 7 60
392 1 385
84 2 173
334 3 19
606 26 409
593 7 24
29 11 28
143 7 239
201 4 57
115 1 48
226 4 296
155 0 149
565 26 409
254 3 310
476 9 26
405 3 19
81 2 173
427 26 101
478 9 62
566 11 28
588 28 346
553 6 59
334 10 27
285 9 26
606 29 412
548 9 26
29 4 21
201 13 279
112 11 28
115 6 59
340 11 28
479 10 63
402 9 398
476 0 11
338 33 370
566 2 16
588 27 345
146 2 224
334 13 93
245 3 157
174 1 170
285 2 16
470 6 395
606 4 21
554 22 30
29 29 104
140 0 220
112 2 16
553 8 61
402 0 384
405 21 99
427 8 25
430 7 60
566 5 22
549 22 341
353 10 27
285 27 34
568 30 584
97 13 93
464 6 525
29 22 98
276 4 21
594 11 64
461 0 510
390 4 456
375 5 160
340 25 100
473 5 394
202 6 23
20 1 12
476 22 98
427 1 12
566 28 411
588 9 26
558 9 164
353 3 19
171 4 57
85 1 170
418 10 27
97 6 23
335 4 21
137 5 233
458 4 393
276 3 19
594 2 52
375 2 154
548 26 344
17 3 19
91 4 181
202 1 12
116 4 57
427 6 23
338 10 63
267 10 165
452 6 161
588 0 11
255 4 314
477 10 27
353 4 21
464 1 511
418 5 22
554 3 19
332 8 397
261 4 315
335 13 422
471 8 397
276 10 27
88 0 169
548 1 12
17 4 70
202 8 25
42 4 21
116 3 55
338 5 58
267 3 157
252 8 163
452 13 507
366 0 359
477 3 19
8 27 34
428 22 30
393 12 458
567 5 22
554 10 27
332 7 396
335 10 27
197 21 99
471 1 511
533 6 395
141 3 227
116 10 63
252 7 162
289 11 368
292 0 149
477 28 103
8 2 16
135 1 221
428 13 14
431 0 11
567 2 16
258 3 310
246 1 150
286 6 23
73 0 11
333 25 408
49 6 59
570 4 57
264 4 315
67 2 154
477 21 538
8 9 26
428 4 21
431 9 26
589 10 63
468 2 514
286 9 26
197 7 24
73 9 26
533 8 397
480 5 22
558 0 149
138 0 220
126 6 59
462 4 522
67 11 166
487 4 57
289 5 58
92 1 170
117 7 24
428 3 19
144 5 58
589 3 55
440 6 161
518 1 511
465 2 514
197 0 11
333 11 28
151 4 57
49 9 62
126 9 62
459 0 510
89 3 176
549 2 16
18 1 12
117 0 11
476 15 94
440 13 500
83 1 170
197 9 26
222 3 55
333 4 21
262 0 303
49 2 52
605 13 339
89 4 181
549 11 28
200 1 48
117 9 26
512 9 62
253 4 312
515 4 561
478 1 48
9 1 12
105 21 99
305 0 47
222 10 63
444 0 359
287 1 360
605 6 23
553 32 577
142 1 221
200 8 61
571 11 28
438 6 59
593 26 409
225 0 220
265 7 162
512 0 47
80 2 173
9 10 27
429 7 60
565 5 22
222 13 291
259 5 160
444 31 502
284 11 28
469 1 511
289 33 370
127 1 150
571 0 11
463 3 517
265 8 163
512 7 60
133 1 48
429 0 47
105 7 24
145 6 59
284 2 16
13 7 60
87 0 169
139 4 232
53 1 48
571 25 100
386 10 63
65 6 23
361 5 58
90 6 23
133 10 63
105 8 25
158 2 251
84 4 181
284 25 343
13 0 47
136 0 220
263 7 323
593 13 404
386 5 58
90 1 170
550 6 23
201 2 52
340 6 23
56 0 47
516 1 511
402 20 472
479 6 59
392 2 457
84 3 176
85 2 173
334 0 11
606 27 410
593 6 23
548 8 25
29 10 27
143 6 59
201 11 64
115 0 47
155 3 157
340 13 93
565 25 408
254 0 303
476 10 27
405 2 16
81 1 170
427 29 104
566 8 25
588 29 347
146 8 61
260 0 303
334 11 28
285 8 25
606 2 16
29 3 19
115 9 62
553 9 62
402 6 395
476 1 12
405 11 28
566 3 19
146 3 227
171 9 62
245 2 154
285 1 12
470 7 396
606 5 22
97 11 28
29 28 103
140 1 221
112 3 19
390 2 388
548 21 572
473 3 391
402 1 385
476 24 199
427 11 28
430 4 57
566 26 409
558 8 163
257 5 317
353 9 26
334 21 421
245 11 299
467 1 511
285 26 33
568 31 365
137 3 227
29 21 99
65 10 27
276 5 22
594 8 61
375 4 159
340 26 101
548 28 346
473 4 393
551 1 360
202 7 24
20 2 72
405 29 104
427 0 11
566 29 412
588 10 27
353 2 16
334 28 103
467 6 528
418 11 28
554 25 32
97 5 22
335 7 24
137 4 232
458 5 394
594 3 55
548 27 345
17 2 16
91 7 24
116 5 58
338 11 368
267 13 327
452 7 162
588 1 12
477 9 26
8 21 31
464 2 514
418 2 16
554 0 11
332 9 398
261 3 310
276 11 330
88 1 170
548 2 16
202 9 26
42 5 22
338 2 52
267 2 154
252 9 164
366 1 360
477 2 16
8 28 35
567 4 21
554 11 28
332 0 384
175 1 170
471 0 510
533 5 394
480 8 25
141 2 224
116 11 64
252 0 149
289 10 63
292 1 150
477 27 102
8 3 19
135 0 220
431 3 19
258 0 303
246 6 161
468 4 522
286 7 24
197 29 104
73 7 24
570 5 58
462 2 514
264 5 160
67 5 160
289 3 55
292 8 163
8 10 27
428 5 22
431 8 25
589 9 62
440 0 149
468 3 517
197 6 23
73 8 25
311 2 380
480 6 23
558 1 150
558 10 165
138 1 221
126 7 60
0 34 2
462 5 523
67 10 165
487 7 60
289 4 57
92 2 173
117 6 23
476 14 95
144 6 59
589 2 52
440 7 162
9 22 30
465 1 511
86 4 181
197 15 94
333 10 27
151 7 60
447 6 59
459 3 517
89 2 173
549 1 12
83 0 169
197 8 25
222 0 47
333 3 19
262 1 304
49 1 48
54 0 47
